0 94 95 117 97 92 98 37 100 91 16 141 44 119 38 140 
0 147 6 96 99 104 59 93 85 61 113 17 46 
0 89 118 60 83 114 8 45 125 84 5 18 
0 138 12 109 80 150 68 121 29 24 134 54 130 55 25 
0 27 127 31 88 148 62 123 19 107 11 63 126 
0 28 76 116 77 3 79 129 78 34 135 35 136 71 65 
0 111 50 102 33 81 120 9 103 51 122 30 
0 112 13 137 2 115 57 144 87 42 142 14 86 
0 58 40 21 73 72 74 75 133 22 41 145 15 43 
0 53 105 26 149 110 4 139 39 56 23 67 
0 146 52 106 7 82 48 124 47 36 143 49 64 
0 132 69 1 101 70 10 108 90 32 131 128 20 66 