0 1 61 174 75 135 234 181 198 199 140 
0 2 62 122 201 146 87 88 147 206 
0 3 63 142 91 151 202 183 211 212 213 
0 4 64 150 99 159 210 184 222 223 164 
0 5 65 125 225 170 111 112 171 230 
0 6 66 166 115 175 226 186 235 236 237 
0 13 18 73 78 133 121 193 138 79 80 139 67 
0 14 23 74 134 83 24 25 84 143 194 182 203 204 205 
0 19 20 7 85 144 145 127 200 187 
0 21 26 81 141 86 27 28 8 93 68 148 207 
0 22 82 31 32 33 92 152 153 128 208 188 
0 29 34 89 94 149 123 209 154 155 156 215 214 
0 30 90 39 40 41 100 9 101 160 219 220 221 
0 35 36 95 96 69 161 129 216 189 
0 37 42 97 102 157 124 217 162 103 104 163 70 
0 38 47 98 158 107 48 49 108 167 218 185 227 228 229 
0 43 44 10 109 168 169 130 224 190 
0 45 50 105 165 110 51 52 11 117 71 172 231 
0 46 106 55 56 57 116 176 177 131 232 191 
0 53 58 113 118 173 126 233 178 179 180 239 238 
0 54 114 15 16 17 76 12 77 136 195 196 197 
0 59 60 119 120 72 137 132 240 192 
