0 1 34 62 98 142 143 144 196 256 257 
0 2 67 105 151 205 204 203 202 201 263 333 332 
0 3 38 68 106 152 206 268 267 266 265 264 
0 4 41 71 109 155 209 271 272 273 274 275 
0 5 72 110 156 210 211 212 213 214 276 347 348 
0 6 45 77 117 165 221 220 219 163 164 
0 7 48 80 120 168 224 225 289 290 362 361 
0 8 81 121 169 170 226 227 228 292 364 363 291 
0 9 86 128 178 236 302 301 375 376 377 378 379 
0 10 55 89 131 181 182 183 184 242 309 
0 11 90 132 133 134 135 185 243 310 385 386 
0 12 59 95 139 191 251 319 318 394 393 392 
0 13 33 61 97 141 193 194 195 255 323 324 325 326 
0 14 35 63 99 100 101 145 197 198 258 259 327 
0 15 36 64 65 103 102 146 199 260 328 329 330 
0 16 37 66 104 150 149 148 147 200 262 261 331 
0 17 39 69 107 153 207 269 339 338 337 336 335 334 
0 18 40 70 108 154 208 270 340 341 342 343 344 345 346 
0 19 42 73 111 157 158 159 160 216 215 277 278 
0 20 43 75 74 112 113 161 217 280 279 350 349 
0 21 44 76 116 115 114 162 218 282 281 352 351 
0 22 46 78 118 166 222 286 285 284 283 355 354 353 
0 23 47 79 119 167 223 287 288 360 359 358 357 356 
0 24 49 82 122 123 171 172 173 229 293 365 366 
0 25 50 83 125 124 174 232 231 230 294 367 368 
0 26 51 84 126 176 175 233 299 298 297 296 295 369 
0 27 53 87 129 179 237 303 304 305 306 380 381 382 
0 28 54 88 130 180 238 239 240 241 307 308 383 384 
0 29 56 91 92 136 187 186 244 245 311 312 387 
0 30 57 93 137 189 188 248 247 246 314 313 388 
0 31 58 94 138 190 250 249 317 316 315 391 390 389 
0 32 60 96 140 192 252 320 253 254 322 321 396 395 
0 52 85 127 177 235 234 300 374 373 372 371 370 