0 1 63 99 143 144 145 146 198 258 327 404 405 
0 2 37 66 104 150 204 266 265 264 263 262 
0 3 68 106 152 206 268 338 416 415 414 413 412 411 
0 4 71 109 155 209 271 272 273 274 345 346 424 425 
0 5 76 116 164 163 219 283 355 354 353 432 431 430 
0 6 45 77 117 165 221 285 357 356 284 220 
0 7 48 80 120 168 224 288 360 361 362 289 
0 8 81 121 169 225 226 290 291 363 364 365 445 446 
0 9 86 128 178 236 235 301 300 374 373 372 453 452 
0 10 89 131 181 239 305 306 380 462 463 464 465 466 
0 11 94 137 189 249 248 247 315 391 390 389 472 
0 12 95 139 191 251 319 395 394 393 477 478 479 480 
0 13 33 61 97 141 193 253 254 255 256 324 400 401 402 
0 14 34 62 98 142 194 195 196 197 257 325 326 403 
0 15 36 65 103 149 203 202 201 200 261 331 409 408 
0 16 38 67 105 151 205 267 337 336 335 334 333 332 410 
0 17 39 69 107 153 207 269 339 417 418 419 420 421 
0 18 40 70 108 154 208 270 340 341 342 343 344 422 423 
0 19 42 73 111 157 158 159 160 214 215 277 348 
0 20 43 74 112 113 161 217 216 279 278 349 429 428 
0 21 44 75 115 114 162 218 282 281 280 352 351 350 
0 22 46 78 118 166 222 286 358 438 437 436 435 434 433 
0 23 47 79 119 167 223 287 359 439 440 441 442 443 444 
0 24 49 82 122 170 171 227 228 292 293 366 447 448 
0 25 50 83 123 124 172 173 229 294 367 368 450 449 
0 26 52 85 127 177 176 234 233 299 298 297 371 370 
0 27 53 87 129 179 237 303 302 376 375 457 456 455 454 
0 28 54 88 130 180 238 304 378 379 461 460 459 458 377 
0 29 56 91 133 183 184 242 308 309 310 311 386 468 
0 30 57 92 134 135 185 243 244 245 312 387 469 
0 31 58 93 136 188 187 186 246 314 313 388 471 470 
0 32 60 96 140 192 252 320 396 321 322 323 399 398 397 
0 35 64 100 101 102 148 147 199 259 260 328 329 330 406 407 
0 41 72 110 156 210 211 212 213 275 276 347 426 427 
0 51 84 126 125 175 174 232 231 230 296 295 369 451 
0 55 90 132 182 240 241 307 381 382 383 384 385 467 
0 59 138 190 250 318 317 316 392 476 475 474 473 