0 1 38 69 81 94 108 123 139 156 174 193 213 232 250 267 283 297 311 323 335 346 
0 2 33 62 74 87 101 116 132 149 167 185 204 224 243 261 277 292 306 319 332 
0 3 22 29 37 46 56 67 79 92 106 121 137 154 172 191 211 230 248 265 281 296 309 322 
0 4 70 96 126 142 159 177 196 216 235 253 270 285 300 313 326 338 348 366 380 390 
0 5 26 34 43 53 64 76 89 103 118 134 151 169 187 206 226 245 263 279 294 308 321 333 
0 6 10 15 21 28 36 45 55 66 78 91 105 120 136 153 171 190 210 229 247 264 280 295 
0 7 23 48 82 110 125 141 158 176 195 215 234 252 269 299 325 337 347 357 365 373 379 385 
0 8 25 51 86 100 115 131 148 166 184 203 223 242 260 276 291 305 331 343 353 363 371 378 
0 9 14 20 27 35 44 54 65 77 90 104 119 135 152 170 188 207 227 246 228 208 189 209 
0 11 30 58 95 109 124 140 157 175 194 214 233 251 268 284 298 312 324 336 356 364 372 
0 12 50 72 98 128 145 163 181 200 220 239 257 273 289 303 329 351 360 376 388 396 398 
0 13 19 42 52 63 75 88 102 117 133 150 168 186 205 225 244 262 278 293 307 320 344 354 
0 16 47 57 68 80 93 107 122 138 155 173 192 212 231 249 266 282 310 334 345 355 
0 17 39 59 83 111 143 160 178 197 217 236 254 271 286 301 314 327 349 358 374 381 386 394 
0 18 41 73 99 114 130 147 165 183 202 222 241 259 275 290 318 330 342 362 370 384 389 
0 24 40 60 84 112 144 162 180 199 219 238 256 288 302 316 340 350 368 382 392 395 
0 31 49 71 97 127 161 179 198 218 237 255 272 287 315 328 339 359 367 375 387 391 397 399 
0 32 61 85 113 129 146 164 182 201 221 240 258 274 304 317 341 352 361 369 377 383 393 