0 1 61 121 193 198 253 258 313 318 373 378 
0 2 81 141 146 201 206 207 267 327 328 308 
0 3 63 149 154 209 214 269 274 329 334 335 395 
0 4 64 124 217 222 277 282 337 342 397 402 
0 5 105 165 170 225 230 231 291 351 352 311 
0 6 66 173 178 233 238 293 298 353 358 359 419 
0 13 18 73 78 133 138 139 199 259 319 320 380 367 
0 14 23 24 84 144 204 263 314 374 323 324 307 
0 16 76 136 195 294 255 354 301 361 379 
0 17 12 77 72 137 196 197 256 316 317 377 
0 19 20 79 80 140 200 187 260 247 325 384 
0 21 26 86 87 88 147 148 128 208 268 248 388 
0 22 31 82 91 142 151 202 211 262 271 322 331 382 363 391 
0 25 7 85 67 145 127 205 264 265 385 
0 27 28 8 93 68 153 213 188 273 333 
0 29 89 123 183 243 303 389 394 
0 30 39 90 99 150 159 210 184 244 339 390 399 400 
0 32 33 92 152 212 272 332 392 393 368 
0 34 94 95 155 215 275 276 336 309 369 
0 35 36 96 156 129 216 189 281 249 396 
0 37 42 97 102 157 162 163 223 283 343 344 404 370 
0 38 47 48 108 168 228 287 338 398 347 348 310 
0 40 100 160 219 270 279 330 304 364 403 
0 41 9 101 69 161 220 221 280 340 341 401 
0 43 44 103 104 164 224 190 284 250 349 408 
0 65 125 185 285 290 345 350 405 410 411 
0 46 55 106 115 166 175 226 235 286 295 346 355 406 366 415 
0 49 10 109 70 169 130 229 288 289 409 
0 45 50 110 111 112 171 172 131 232 292 251 412 
0 51 52 11 117 71 177 237 191 297 357 
0 53 113 126 186 246 306 413 418 
0 54 15 114 75 174 135 234 181 241 315 414 375 376 
0 56 57 116 176 236 296 356 416 417 371 
0 58 118 119 179 239 299 300 360 312 372 
0 59 60 120 180 132 240 192 257 252 420 
0 62 122 182 261 266 321 326 381 386 387 
0 74 83 134 143 194 203 254 242 302 362 383 
0 98 107 158 167 218 227 278 245 305 365 407 