0 1 61 121 234 135 195 294 354 255 196 
0 2 62 122 206 261 266 321 326 327 328 
0 3 63 123 202 151 211 262 322 271 212 
0 4 97 157 102 103 163 223 282 337 304 342 
0 5 65 165 170 225 230 285 290 345 305 350 
0 6 66 126 238 293 298 353 358 359 360 
0 13 18 19 20 79 139 140 199 258 313 318 319 
0 14 23 74 83 134 143 194 203 254 314 263 264 324 307 
0 16 17 12 120 72 180 240 192 257 317 
0 21 26 81 86 141 146 201 182 242 302 323 
0 22 31 82 142 91 92 93 152 153 128 213 272 332 
0 24 84 85 144 204 205 187 265 247 325 
0 25 7 80 67 145 127 200 259 260 320 
0 27 28 87 147 207 267 268 248 308 
0 29 34 89 94 149 154 209 183 243 303 331 
0 30 39 90 99 150 159 210 184 270 219 220 221 280 340 
0 32 33 8 88 68 148 208 188 273 333 
0 35 95 155 214 269 274 329 334 335 336 309 
0 36 9 96 69 156 215 275 276 249 
0 64 124 217 162 222 277 244 330 279 339 
0 47 107 158 167 218 278 227 228 288 289 250 310 
0 40 41 100 101 160 161 129 216 189 281 341 
0 37 42 43 44 10 104 70 164 224 283 343 
0 45 50 105 110 111 112 171 172 231 291 351 311 
0 46 55 106 115 166 175 226 235 286 346 295 296 356 
0 38 98 125 185 245 338 287 347 348 349 
0 48 49 108 109 168 169 130 229 190 284 344 
0 51 52 11 117 71 177 131 232 292 352 
0 53 58 113 118 173 178 233 186 246 306 355 
0 54 15 114 174 75 76 77 136 137 132 197 256 316 
0 56 57 116 176 236 237 191 297 251 357 
0 59 60 119 179 239 299 300 252 312 
0 73 78 133 138 193 181 198 253 241 301 315 