0 1 11 58 69 81 94 108 123 139 154 168 181 203 221 228 235 241 
0 2 26 34 43 53 64 76 89 103 117 132 148 163 149 133 118 134 
0 3 16 22 29 37 46 56 67 79 92 106 121 137 152 166 179 191 211 220 
0 4 30 38 47 57 68 80 93 107 122 138 153 167 180 192 202 212 
0 5 19 42 52 63 75 88 102 116 131 147 162 176 188 199 209 219 227 
0 6 10 15 21 28 36 45 55 66 78 91 105 120 136 151 165 178 190 201 
0 7 23 48 70 82 95 109 124 140 155 169 182 193 204 213 222 229 236 246 
0 8 25 41 61 73 86 100 114 129 145 160 174 186 197 217 233 240 245 
0 9 14 20 27 35 44 54 65 77 90 104 119 135 150 164 177 189 200 210 
0 12 31 49 71 97 111 126 142 157 171 195 215 231 237 247 251 253 255 
0 13 33 51 62 74 87 101 115 130 146 161 175 187 198 208 218 226 234 
0 17 39 59 83 96 110 125 141 156 170 183 194 205 214 223 230 242 250 
0 18 32 50 72 85 99 113 128 144 159 173 185 196 207 216 225 239 244 249 
0 24 40 60 84 98 112 127 143 158 172 184 206 224 232 238 243 248 252 254 