0 1 34 62 63 64 65 101 100 
0 2 15 37 67 105 151 150 149 
0 3 17 39 69 107 153 207 208 
0 4 41 71 109 110 156 157 158 111 
0 5 20 43 75 114 162 161 160 
0 6 45 77 117 165 164 220 221 222 223 
0 7 48 80 81 82 83 123 122 
0 8 25 51 85 127 177 176 175 
0 9 27 53 87 129 179 237 238 
0 10 55 89 131 132 182 183 133 184 
0 11 30 57 93 136 188 187 186 
0 12 59 95 139 191 190 250 251 252 193 
0 13 33 61 97 98 99 143 144 145 146 198 
0 14 35 36 66 104 103 102 148 147 199 
0 16 38 68 106 152 206 205 204 203 202 201 200 
0 18 40 70 108 154 155 209 210 211 212 
0 19 42 72 73 74 112 113 159 213 214 
0 21 44 76 116 115 163 219 218 217 216 215 
0 22 46 78 118 166 167 168 224 225 226 227 
0 23 47 79 119 120 121 169 170 171 172 228 
0 24 49 50 84 126 125 124 174 173 229 
0 26 52 86 128 178 236 235 234 233 232 231 230 
0 28 54 88 130 180 181 239 240 241 242 
0 29 56 90 91 92 134 135 185 243 244 
0 31 58 94 138 137 189 249 248 247 246 245 
0 32 60 96 140 192 141 142 194 195 196 197 
