0 1 73 18 19 20 79 80 139 198 253 199 259 
0 2 62 122 194 143 203 254 263 264 265 
0 3 89 34 35 36 95 96 155 214 269 215 275 
0 4 64 124 210 159 219 270 279 280 281 
0 5 105 50 51 52 111 112 171 230 285 231 291 
0 6 66 126 226 175 235 286 295 296 297 
0 13 61 133 78 138 193 181 195 294 241 258 
0 14 74 134 83 84 144 145 204 205 187 247 
0 16 17 12 77 72 137 132 197 257 300 
0 21 26 81 86 141 146 201 182 206 261 242 266 267 
0 22 31 82 91 142 123 202 151 92 152 212 271 272 
0 23 24 25 7 85 67 140 127 200 260 
0 27 28 87 88 147 148 207 208 188 248 
0 29 63 149 94 154 209 183 211 262 243 274 
0 30 90 150 99 100 160 161 220 221 189 249 
0 32 33 8 93 68 153 128 213 273 268 
0 37 42 97 102 157 162 217 184 222 277 244 282 283 
0 38 47 98 107 158 125 218 167 108 168 228 287 288 
0 39 40 41 9 101 69 156 129 216 276 
0 43 44 103 104 163 164 223 224 190 250 
0 45 65 165 110 170 225 185 227 278 245 290 
0 46 106 166 115 116 176 177 236 237 191 251 
0 48 49 10 109 70 169 130 229 289 284 
0 53 58 113 118 173 178 233 186 238 293 246 298 299 
0 54 15 114 75 174 121 234 135 76 136 196 255 256 
0 55 56 57 11 117 71 172 131 232 292 
0 59 60 119 120 179 180 239 240 192 252 