0 1 38 69 81 94 108 123 139 156 174 194 215 236 258 278 297 316 333 349 365 380 394 418 
0 2 33 74 87 101 116 132 149 167 186 206 226 248 270 290 309 328 345 361 376 391 404 416 
0 3 6 47 57 68 80 93 107 122 138 155 173 193 214 235 257 277 296 315 332 348 364 379 393 406 
0 4 62 100 115 131 148 166 185 205 225 247 269 289 308 327 344 360 375 390 403 415 427 447 455 462 
0 5 26 34 43 53 64 76 89 103 118 134 151 169 188 208 228 250 272 292 311 330 347 363 378 392 
0 7 23 48 95 109 124 140 157 175 195 216 237 259 279 298 317 334 350 366 381 395 407 419 429 439 448 
0 8 25 51 86 114 130 147 165 184 204 224 246 268 288 307 326 343 359 389 402 426 437 446 454 468 
0 9 14 20 27 35 44 54 65 77 90 104 119 135 152 170 189 209 229 251 230 252 273 293 312 
0 10 15 21 28 36 45 55 66 78 91 105 120 136 153 171 191 212 233 211 232 254 274 253 231 210 190 
0 11 30 58 82 110 125 141 158 176 196 217 238 260 280 299 318 335 351 367 382 396 408 420 430 440 456 463 
0 12 61 85 113 145 163 182 202 222 244 266 286 305 324 341 357 373 387 400 413 424 435 453 467 472 
0 13 19 42 52 63 75 88 102 117 133 150 168 187 207 227 249 271 291 310 329 346 362 377 405 417 428 438 
0 16 22 29 37 46 56 67 79 92 106 121 137 154 172 192 213 234 256 276 255 275 295 314 331 313 294 
0 17 39 70 96 126 142 159 177 197 218 239 261 281 300 319 336 352 368 383 397 409 421 431 441 449 457 469 
0 18 41 73 99 129 146 164 183 203 223 245 267 287 306 325 342 358 374 388 401 414 425 436 445 461 473 477 
0 24 49 71 97 127 161 179 199 241 263 283 302 321 338 354 370 398 411 433 451 465 470 478 481 483 
0 31 59 83 111 143 160 178 198 219 240 262 282 301 320 337 353 369 384 410 422 432 442 450 458 464 474 
0 32 50 72 98 128 162 181 201 221 243 265 285 304 323 340 356 372 386 412 434 444 460 466 476 480 482 
0 40 60 84 112 144 180 200 220 242 264 284 303 322 339 355 371 385 399 423 443 452 459 471 475 479 