0 1 13 62 98 142 194 254 255 256 257 
0 2 35 64 100 144 145 146 199 200 261 
0 3 38 68 106 152 151 150 204 205 206 
0 4 40 70 108 154 155 156 210 272 273 
0 5 44 76 116 164 163 162 217 216 279 
0 6 45 77 117 165 221 220 219 218 113 
0 7 48 80 120 168 224 225 226 227 124 
0 8 49 81 121 169 170 171 228 229 294 
0 9 53 87 129 179 178 177 235 301 300 
0 10 55 89 131 132 182 181 239 240 307 
0 11 58 94 138 137 136 135 187 186 
0 12 33 61 97 141 193 253 320 319 318 317 
0 14 34 63 99 143 195 196 197 198 258 259 260 
0 15 36 66 65 101 102 148 147 201 263 262 
0 16 37 67 105 104 103 149 203 202 264 265 266 
0 17 39 69 107 153 207 208 209 271 270 269 268 267 
0 18 41 71 109 110 111 157 211 212 274 275 276 
0 19 42 72 73 74 112 158 159 213 214 277 
0 21 20 43 75 115 114 161 160 215 278 
0 22 46 78 118 166 222 286 285 284 283 282 281 280 
0 23 47 79 119 167 223 287 288 289 290 291 292 293 
0 24 25 50 82 122 123 172 173 230 295 
0 26 51 85 84 83 125 175 174 232 231 296 
0 27 52 86 128 127 126 176 234 233 299 298 297 
0 28 54 88 130 180 238 237 236 302 303 304 305 306 
0 29 56 90 91 133 183 241 242 308 309 310 311 
0 30 57 93 92 134 184 185 243 244 245 312 
0 31 59 95 139 191 190 189 188 248 247 246 313 
0 32 60 96 140 192 252 251 250 249 316 315 314 