0 4 3 2 1 41 42 43 44 84 83 82 81 121 122 123 124 164 163 162 161 201 202 203 204 244 284 324 364 404 444 484 524 564 604 644 684 724 764 763 723 683 643 603 563 523 483 443 403 363 323 283 243 242 282 322 362 402 442 482 522 562 602 642 682 722 762 761 721 681 641 601 561 521 481 441 401 361 321 281 241 
0 8 7 6 5 45 46 47 48 88 87 86 85 125 126 127 128 168 167 166 165 205 206 207 208 248 288 328 368 408 448 488 528 568 608 648 688 728 768 767 727 687 647 607 567 527 487 447 407 367 327 287 247 246 286 326 366 406 446 486 526 566 606 646 686 726 766 765 725 685 645 605 565 525 485 445 405 365 325 285 245 
0 9 10 11 12 52 51 50 49 89 90 91 92 132 131 130 129 169 170 171 172 212 211 210 209 249 289 329 369 409 449 489 529 569 609 649 689 729 769 770 730 690 650 610 570 530 490 450 410 370 330 290 250 251 291 331 371 411 451 491 531 571 611 651 691 731 771 772 732 692 652 612 572 532 492 452 412 372 332 292 252 
0 13 14 15 16 56 55 54 53 93 94 95 96 136 135 134 133 173 174 175 176 216 215 214 213 253 293 333 373 413 453 493 533 573 613 653 693 733 773 774 734 694 654 614 574 534 494 454 414 374 334 294 254 255 295 335 375 415 455 495 535 575 615 655 695 735 775 776 736 696 656 616 576 536 496 456 416 376 336 296 256 
0 17 18 19 20 60 59 58 57 97 98 99 100 140 139 138 137 177 178 179 180 220 219 218 217 257 297 337 377 417 457 497 537 577 617 657 697 737 777 778 738 698 658 618 578 538 498 458 418 378 338 298 258 259 299 339 379 419 459 499 539 579 619 659 699 739 779 780 740 700 660 620 580 540 500 460 420 380 340 300 260 
0 24 23 22 21 61 62 63 64 104 103 102 101 141 142 143 144 184 183 182 181 221 222 223 224 264 304 344 384 424 464 504 544 584 624 664 704 744 784 783 743 703 663 623 583 543 503 463 423 383 343 303 263 262 302 342 382 422 462 502 542 582 622 662 702 742 782 781 741 701 661 621 581 541 501 461 421 381 341 301 261 
0 28 27 26 25 65 66 67 68 108 107 106 105 145 146 147 148 188 187 186 185 225 226 227 228 268 308 348 388 428 468 508 548 588 628 668 708 748 788 787 747 707 667 627 587 547 507 467 427 387 347 307 267 266 306 346 386 426 466 506 546 586 626 666 706 746 786 785 745 705 665 625 585 545 505 465 425 385 345 305 265 
0 29 30 31 32 72 71 70 69 109 110 111 112 152 151 150 149 189 190 191 192 232 231 230 229 269 309 349 389 429 469 509 549 589 629 669 709 749 789 790 750 710 670 630 590 550 510 470 430 390 350 310 270 271 311 351 391 431 471 511 551 591 631 671 711 751 791 792 752 712 672 632 592 552 512 472 432 392 352 312 272 
0 33 34 35 36 76 75 74 73 113 114 115 116 156 155 154 153 193 194 195 196 236 235 234 233 273 313 353 393 433 473 513 553 593 633 673 713 753 793 794 754 714 674 634 594 554 514 474 434 394 354 314 274 275 315 355 395 435 475 515 555 595 635 675 715 755 795 796 756 716 676 636 596 556 516 476 436 396 356 316 276 
0 37 38 39 40 80 79 78 77 117 118 119 120 160 159 158 157 197 198 199 200 240 239 238 237 277 317 357 397 437 477 517 557 597 637 677 717 757 797 798 758 718 678 638 598 558 518 478 438 398 358 318 278 279 319 359 399 439 479 519 559 599 639 679 719 759 799 800 760 720 680 640 600 560 520 480 440 400 360 320 280 
