0 1 2 3 4 5 6 90 89 88 172 173 174 175 259 258 257 256 340 341 342 426 425 424 423 422 421 505 506 507 508 509 593 592 591 590 589 673 674 675 676 760 759 758 757 
0 10 9 8 7 91 92 93 94 95 179 178 177 176 260 261 262 263 347 346 345 344 343 427 428 429 430 514 513 512 511 510 594 595 596 597 681 680 679 678 677 761 762 763 764 
0 11 12 13 14 15 99 98 97 96 180 181 182 183 267 266 265 264 348 349 350 351 435 434 433 432 431 515 516 517 518 602 601 600 599 598 682 683 684 685 769 768 767 766 765 
0 20 19 18 17 16 100 101 102 103 187 186 185 184 268 269 270 271 272 356 355 354 353 352 436 437 438 439 523 522 521 520 519 603 604 605 606 690 689 688 687 686 770 771 772 773 
0 21 22 23 24 108 107 106 105 104 188 189 190 191 192 276 275 274 273 357 358 359 360 444 443 442 441 440 524 525 526 527 611 610 609 608 607 691 692 693 694 778 777 776 775 774 
0 28 27 26 25 109 110 111 112 196 195 194 193 277 278 279 280 281 365 364 363 362 361 445 446 447 448 532 531 530 529 528 612 613 614 615 699 698 697 696 695 779 780 781 782 
0 29 30 31 32 116 115 114 113 197 198 199 200 201 202 286 285 284 283 282 366 367 368 452 451 450 449 533 534 535 536 620 619 618 617 616 700 701 702 703 787 786 785 784 783 
0 36 35 34 33 117 118 119 120 121 122 206 205 204 203 287 288 289 290 374 373 372 371 370 369 453 454 455 456 540 539 538 537 621 622 623 624 708 707 706 705 704 788 789 790 791 
0 37 38 39 40 41 42 126 125 124 123 207 208 209 210 294 293 292 291 375 376 377 378 462 461 460 459 458 457 541 542 543 544 628 627 626 625 709 710 711 712 796 795 794 793 792 
0 46 45 44 43 127 128 129 130 131 215 214 213 212 211 295 296 297 298 382 381 380 379 463 464 465 466 550 549 548 547 546 545 629 630 631 632 716 715 714 713 797 798 799 800 
0 47 48 49 50 51 135 134 133 132 216 217 218 219 303 302 301 300 299 383 384 385 386 470 469 468 467 551 552 553 554 638 637 636 635 634 633 717 718 719 720 804 803 802 801 
0 55 54 53 52 136 137 138 139 140 224 223 222 221 220 304 305 306 307 391 390 389 388 387 471 472 473 474 558 557 556 555 639 640 641 725 724 723 722 721 805 806 807 808 809 
0 56 57 58 59 60 144 143 142 141 225 226 227 228 312 311 310 309 308 392 393 394 395 479 478 477 476 475 559 560 561 645 644 643 642 726 727 728 729 730 814 813 812 811 810 
0 64 63 62 61 145 146 147 148 149 233 232 231 230 229 313 314 315 316 400 399 398 397 396 480 481 482 566 565 564 563 562 646 647 648 649 650 734 733 732 731 815 816 817 818 
0 65 66 67 68 69 153 152 151 150 234 235 236 237 321 320 319 318 317 401 402 403 487 486 485 484 483 567 568 569 570 571 655 654 653 652 651 735 736 737 738 822 821 820 819 
0 72 71 70 154 155 156 157 158 242 241 240 239 238 322 323 324 325 409 408 407 406 405 404 488 489 490 491 575 574 573 572 656 657 658 659 743 742 741 740 739 823 824 825 826 
0 73 74 75 76 77 161 160 159 243 244 245 246 247 331 330 329 328 327 326 410 411 412 496 495 494 493 492 576 577 578 579 663 662 661 660 744 745 746 747 831 830 829 828 827 
0 78 162 163 164 165 166 167 251 250 249 248 332 333 334 335 419 418 417 416 415 414 413 497 498 499 583 582 581 580 664 665 666 667 668 752 751 750 749 748 832 833 834 835 
0 79 80 81 82 83 84 168 85 86 87 171 170 169 252 336 253 254 255 339 338 337 420 504 503 502 501 500 584 585 586 587 588 672 671 670 669 753 754 755 756 840 839 838 837 836 