0 1 2 3 4 80 79 78 77 153 154 155 156 157 233 232 231 230 229 305 306 307 308 384 383 382 381 457 458 459 460 536 535 534 610 611 612 613 614 615 691 690 689 688 687 
0 8 7 6 5 81 82 83 84 85 161 160 159 158 234 235 236 237 238 314 313 312 311 310 309 385 386 387 388 464 463 462 461 537 538 539 540 541 542 618 617 616 692 693 694 695 
0 9 10 11 12 13 89 88 87 86 162 163 164 165 166 242 241 240 239 315 316 317 393 392 391 390 389 465 466 467 468 469 470 546 545 544 543 619 620 621 622 623 699 698 697 696 
0 18 17 16 15 14 90 91 92 93 169 168 167 243 244 245 246 322 321 320 319 318 394 395 396 397 398 474 473 472 471 547 548 549 550 551 627 626 625 624 700 701 702 703 704 
0 19 20 21 97 96 95 94 170 171 172 173 174 175 251 250 249 248 247 323 324 325 326 402 401 400 399 475 476 477 478 479 555 554 553 552 628 629 630 631 632 708 707 706 705 
0 25 24 23 22 98 99 100 101 102 103 179 178 177 176 252 253 254 330 329 328 327 403 404 405 406 407 408 484 483 482 481 480 556 557 558 559 560 636 635 634 633 709 710 711 712 
0 26 27 28 29 30 31 107 106 105 104 180 181 182 258 257 256 255 331 332 333 334 335 336 412 411 410 409 485 486 487 488 489 565 564 563 562 561 637 638 639 640 716 715 714 713 
0 34 33 32 108 109 110 111 187 186 185 184 183 259 260 261 262 263 339 338 337 413 414 415 416 417 418 494 493 492 491 490 566 567 568 569 645 644 643 642 641 717 718 719 720 
0 35 36 37 38 39 40 116 115 114 113 112 188 189 190 266 265 264 340 341 342 343 344 345 346 422 421 420 419 495 496 497 498 574 573 572 571 570 646 647 648 649 725 724 723 722 721 
0 43 42 41 117 118 119 195 194 193 192 191 267 268 269 270 271 347 348 349 350 426 425 424 423 499 500 501 502 578 577 576 575 651 652 653 654 730 729 728 727 726 650 
0 49 48 47 46 45 44 120 121 122 123 199 198 197 196 272 273 274 275 276 277 278 354 353 352 351 427 428 429 430 506 505 504 503 579 580 581 582 658 657 656 655 731 732 733 734 735 
0 50 51 52 53 129 128 127 126 125 124 200 201 202 203 204 205 281 280 279 355 356 357 358 359 435 434 433 432 431 507 508 509 510 586 585 584 583 659 660 661 662 663 739 738 737 736 
0 58 57 56 55 54 130 131 132 133 209 208 207 206 282 283 284 285 286 362 361 360 436 437 438 439 515 514 513 512 511 587 588 589 590 591 667 666 665 664 740 741 742 743 744 
0 59 60 61 62 138 137 136 135 134 210 211 212 213 214 290 289 288 287 363 364 365 366 367 443 442 441 440 516 517 518 519 595 594 593 592 668 669 670 671 672 748 747 746 745 
0 67 66 65 64 63 139 140 141 142 218 217 216 215 291 292 293 294 295 371 370 369 368 444 445 446 447 448 524 523 522 521 520 596 597 598 599 600 676 675 674 673 749 750 751 752 
0 68 69 70 71 147 146 145 144 143 219 220 221 222 223 299 298 297 296 372 373 374 375 376 452 451 450 449 525 526 527 528 604 603 602 601 677 678 679 680 681 757 756 755 754 753 
0 76 75 74 73 72 148 149 150 151 152 228 227 226 225 224 300 301 302 303 304 380 379 378 377 453 454 455 456 532 531 530 529 605 606 607 608 533 609 684 683 682 758 759 760 685 686 
