0 59 58 57 56 116 117 118 119 120 180 179 178 177 237 238 239 240 300 299 298 297 357 358 359 360 420 419 418 417 416 476 477 478 479 480 540 539 538 537 597 598 599 600 
0 60 1 2 3 4 64 63 62 61 121 122 123 124 184 183 182 181 241 242 243 244 304 303 302 301 361 362 363 364 365 425 424 423 422 421 481 482 483 484 544 543 542 541 
0 9 8 7 6 5 65 66 67 68 128 127 126 125 185 186 187 188 248 247 246 245 305 306 307 308 309 369 368 367 366 426 427 428 429 489 488 487 486 485 545 546 547 548 
0 10 11 12 13 73 72 71 70 69 129 130 131 132 192 191 190 189 249 250 251 252 253 313 312 311 310 370 371 372 373 433 432 431 430 490 491 492 493 553 552 551 550 549 
0 17 16 15 14 74 75 76 77 137 136 135 134 133 193 194 195 196 197 257 256 255 254 314 315 316 317 377 376 375 374 434 435 436 437 497 496 495 494 554 555 556 557 558 
0 18 19 20 21 81 80 79 78 138 139 140 141 142 202 201 200 199 198 258 259 260 261 321 320 319 318 378 379 380 381 441 440 439 438 498 499 500 501 502 562 561 560 559 
0 25 24 23 22 82 83 84 85 86 146 145 144 143 203 204 205 206 266 265 264 263 262 322 323 324 325 385 384 383 382 442 443 444 445 446 506 505 504 503 563 564 565 566 
0 26 27 28 29 30 90 89 88 87 147 148 149 150 210 209 208 207 267 268 269 270 330 329 328 327 326 386 387 388 389 390 450 449 448 447 507 508 509 510 570 569 568 567 
0 34 33 32 31 91 92 93 94 95 155 154 153 152 151 211 212 213 214 274 273 272 271 331 332 333 334 394 393 392 391 451 452 453 454 514 513 512 511 571 572 573 574 575 
0 35 36 37 38 39 99 98 97 96 156 157 158 159 219 218 217 216 215 275 276 277 278 338 337 336 335 395 396 397 398 458 457 456 455 515 516 517 518 519 579 578 577 576 
0 43 42 41 40 100 101 102 103 163 162 161 160 220 221 222 223 283 282 281 280 279 339 340 341 342 402 401 400 399 459 460 461 462 463 523 522 521 520 580 581 582 583 
0 44 45 46 47 107 106 105 104 164 165 166 167 227 226 225 224 284 285 286 287 347 346 345 344 343 403 404 405 406 407 467 466 465 464 524 525 526 527 587 586 585 584 
0 51 50 49 48 108 109 110 111 171 170 169 168 228 229 230 231 232 292 291 290 289 288 348 349 350 351 411 410 409 408 468 469 470 471 531 530 529 528 588 589 590 591 592 
0 52 53 54 55 115 114 113 112 172 173 174 175 176 236 235 234 233 293 294 295 296 356 355 354 353 352 412 413 414 415 475 474 473 472 532 533 534 535 536 596 595 594 593 