102 1 79 78 
101 2 41 
102 7 48 46 
102 82 8 
102 10 90 63 
101 40 26 12 
101 13 94 6 60 
101 97 92 98 85 
101 95 99 17 
101 21 4 55 25 
101 22 23 
101 54 24 
102 27 89 
102 69 28 
102 50 3 29 
102 31 19 49 
102 32 
102 33 81 34 
102 51 9 35 
102 88 47 36 
101 37 91 16 86 
101 42 14 38 
101 73 72 56 39 
101 57 15 43 
101 87 100 44 
102 52 18 83 45 
101 58 53 
101 59 93 61 
102 62 11 64 
102 71 65 
102 70 30 20 66 
101 74 75 67 
102 77 68 
102 76 80 
101 96 5 84 