101 96 95 87 57 
102 3 33 66 
102 4 56 23 
101 100 43 
101 7 62 63 
101 82 11 
102 12 28 53 
101 60 6 94 13 2 
101 93 98 37 42 15 
101 17 
101 18 52 31 
102 77 51 20 
102 21 73 
102 24 
102 26 40 58 
101 89 27 
102 29 34 
102 50 30 32 
101 83 8 36 
101 61 16 44 38 
102 54 39 
102 72 74 22 41 
101 5 85 91 14 
101 45 46 
101 47 49 
101 48 19 64 
102 55 25 67 
101 99 59 92 97 
102 80 78 35 65 
102 68 79 81 9 71 
102 69 
102 76 1 70 
102 75 
101 84 86 
101 88 10 90 