103 1 50 3 79 
102 4 55 25 
101 5 60 83 8 
103 10 11 49 
102 12 76 
101 98 92 95 13 
101 100 42 15 
101 16 86 
101 61 17 
103 31 52 18 
102 21 40 58 53 
102 56 23 
102 26 28 
103 69 27 
102 54 24 29 
103 30 20 66 
103 32 
103 33 81 78 34 
103 51 9 35 
103 62 19 36 
101 37 97 87 
101 44 38 
102 39 67 
102 72 74 22 41 
101 91 14 43 
101 84 45 46 
103 48 47 
102 73 2 57 
101 85 59 94 
103 90 63 64 
103 70 71 65 
102 80 68 77 
102 75 
103 88 7 82 
101 93 99 96 6 89 