104 1 9 35 
103 2 57 15 43 
101 5 85 91 44 
101 18 7 
104 10 90 63 
102 12 26 
103 13 94 95 
103 87 42 14 
103 40 21 
103 22 41 
103 74 75 23 
102 24 29 
104 69 27 28 
104 31 62 11 64 
104 32 
102 80 68 3 79 78 34 
101 83 8 36 
103 97 92 37 
101 61 16 38 
102 54 4 39 
101 45 46 
101 82 48 47 
104 88 19 49 
102 76 50 
104 51 71 65 
104 52 
103 58 53 
102 55 25 67 
103 73 72 56 
101 60 6 89 
104 70 30 20 66 
102 77 33 81 
101 84 17 86 
101 93 98 100 
101 99 59 96 