250 73 198 207 79 71 229 1 
250 2 58 183 150 36 220 
250 123 118 3 16 243 6 
251 7 164 81 100 145 209 99 202 
250 163 157 225 242 56 66 168 47 55 17 
251 22 120 236 23 48 196 174 107 
251 25 141 104 74 215 126 116 
250 27 173 228 53 
251 28 95 188 154 76 155 
251 199 44 222 85 105 227 20 109 29 
250 204 30 191 5 133 211 205 31 
251 152 144 192 184 218 119 239 35 
251 37 165 169 181 171 132 97 134 
250 177 237 102 15 219 75 59 67 51 
250 54 18 12 61 90 221 
250 62 122 39 233 176 136 226 32 78 201 147 
251 63 216 46 91 77 50 88 247 
250 64 193 101 13 167 89 
250 195 217 83 206 65 
251 246 140 172 186 21 138 142 68 
250 69 146 135 84 52 162 
251 156 182 34 87 
250 96 166 19 185 72 33 234 
250 224 82 235 241 11 197 194 80 113 103 
250 170 230 189 106 
251 111 92 178 210 41 110 60 158 159 
251 128 143 14 98 240 117 
250 125 114 148 26 9 153 248 121 
250 249 43 223 38 175 24 40 127 
250 137 124 49 130 129 
251 208 160 4 115 244 108 70 232 231 139 
251 180 245 94 151 86 149 
250 190 8 112 213 
250 203 57 214 131 238 10 42 
251 200 179 161 93 187 45 212 