252 234 205 31 71 229 1 
251 2 217 83 206 65 53 
251 224 177 69 123 118 3 
251 114 148 26 9 153 248 89 167 13 
250 222 165 6 243 16 
251 101 214 131 10 66 168 47 55 17 
250 23 179 161 46 144 192 184 218 119 
252 209 145 115 87 34 28 
252 33 79 5 133 12 49 124 
250 37 116 126 104 74 
251 235 43 223 122 38 39 
252 72 185 19 166 207 54 
251 125 64 163 190 8 215 
252 68 142 232 231 202 139 
251 82 157 249 62 237 146 135 84 
250 85 169 52 219 15 102 233 176 
250 92 178 210 41 110 60 158 134 159 
252 99 70 108 244 154 76 155 
252 100 81 4 188 95 182 35 239 
251 203 57 238 42 197 194 80 113 103 
250 105 132 97 67 32 78 24 40 127 
251 230 189 121 106 
250 109 20 227 29 51 201 147 
250 111 44 199 208 246 25 141 
250 117 240 98 107 212 247 
251 204 198 73 96 112 213 
252 211 90 61 129 221 130 
252 138 21 186 172 140 164 7 160 
250 174 143 14 45 77 88 94 86 149 
250 196 48 128 187 93 91 50 245 151 
250 236 120 22 200 63 216 180 152 156 
251 170 58 183 150 36 220 228 
250 171 181 162 75 59 136 226 
251 193 11 241 225 242 56 175 
251 195 27 173 137 18 30 191 