252 12 61 90 211 205 31 71 229 1 
251 223 43 122 146 84 135 118 123 3 
253 4 81 186 21 138 33 234 
252 54 204 198 73 96 112 8 
251 131 214 57 203 193 101 114 148 26 9 
251 10 238 13 167 89 248 121 106 
251 11 241 235 82 224 163 64 125 
251 242 38 39 102 15 52 243 16 
252 18 30 207 166 213 215 
253 28 156 144 192 184 218 245 151 
250 85 222 165 6 37 
250 236 23 120 22 200 63 180 216 46 
251 56 176 136 226 32 78 201 
251 66 168 47 55 17 24 40 127 
250 109 20 227 29 67 
253 115 145 100 209 142 68 
252 83 36 220 150 183 58 189 
253 95 34 182 35 239 119 149 
250 174 143 14 45 77 88 94 86 
250 92 178 210 41 110 60 158 134 159 
250 196 48 128 179 161 187 93 91 50 
250 105 132 97 51 147 
250 111 44 199 208 152 
253 164 140 74 104 126 116 
250 117 240 98 107 212 247 
252 124 49 130 129 221 
252 137 173 27 195 2 170 230 153 
253 244 108 70 99 232 231 139 
253 160 7 246 25 141 
251 233 219 75 162 59 181 171 169 
252 191 5 133 79 19 185 72 172 
251 197 42 194 80 113 103 175 
253 188 87 154 76 155 202 
251 225 157 249 62 237 177 69 190 
252 228 53 65 206 217 