254 211 90 61 205 31 71 229 1 
254 5 133 12 49 130 129 221 
253 27 2 170 230 153 89 167 13 
250 85 222 165 6 243 16 
251 17 24 40 127 147 
254 19 185 72 138 209 99 70 232 
254 21 100 145 115 244 108 
252 28 95 188 4 81 186 
252 35 182 34 87 154 76 155 
253 173 83 206 65 220 36 
250 111 236 23 120 22 44 199 37 
251 175 47 168 66 56 242 38 
250 196 48 128 179 161 93 187 45 
251 226 59 75 162 181 171 169 52 
254 191 30 18 137 124 228 53 
253 54 207 166 213 215 126 116 
251 55 103 113 80 194 197 42 10 238 
253 69 177 237 62 249 157 
252 152 208 246 25 141 104 74 
251 78 32 201 67 51 134 159 
254 79 33 234 142 68 231 202 139 
252 192 184 218 245 50 91 77 88 
250 92 178 210 41 110 60 158 
250 105 132 97 29 227 20 109 
253 217 183 58 150 189 106 
253 195 114 148 26 9 248 121 
253 125 64 193 101 203 57 131 
251 136 219 15 102 84 135 146 
252 144 180 63 216 46 200 
252 156 160 7 164 140 172 
253 163 224 82 235 241 11 214 
250 174 143 14 98 117 240 107 212 
251 176 233 39 122 223 43 225 
253 204 198 73 96 112 8 123 118 3 190 
252 239 119 94 151 86 149 247 