161 2 
161 1 9 17 25 33 
164 124 132 140 148 156 
161 10 18 26 34 
162 44 52 60 68 76 
162 48 56 64 72 80 
161 4 12 20 28 36 
164 125 133 141 149 157 
162 47 55 63 71 79 
162 67 
161 6 14 22 30 38 
163 81 89 97 105 113 
163 88 96 104 112 120 
164 128 136 144 152 160 
163 82 90 98 106 114 
162 45 53 61 69 77 
164 121 129 137 145 153 
162 43 51 59 75 
162 41 49 57 65 73 
164 127 135 143 151 159 
162 42 50 58 66 74 
161 5 13 21 29 37 
163 85 93 101 109 117 
163 84 92 100 108 116 
162 46 54 62 70 78 
164 123 131 139 147 155 
163 83 91 99 107 115 
161 8 16 24 32 40 
161 3 11 19 27 35 
163 87 95 103 111 119 
163 86 94 102 
164 126 134 142 150 158 
163 110 118 
161 7 15 23 31 39 
164 122 130 138 146 154 