241 2 1 10 3 11 19 27 
241 4 12 20 28 36 9 17 
241 5 13 21 29 37 156 148 140 132 
241 6 14 22 30 38 73 65 
241 7 15 23 31 39 74 66 58 49 
241 8 16 24 32 40 158 113 
246 207 215 223 231 239 34 26 18 
246 204 212 220 228 236 
242 41 52 60 68 76 57 
242 42 50 43 51 59 67 75 
242 44 46 54 62 70 78 
242 45 53 61 69 77 116 108 100 94 
242 47 55 63 71 79 
242 48 56 64 72 80 118 110 
243 85 93 101 109 117 
243 82 90 98 106 114 159 151 143 
243 83 91 99 107 115 160 152 
243 84 92 81 89 97 105 
243 86 95 103 111 119 102 
243 87 88 96 104 112 120 
244 122 130 138 146 154 199 191 183 176 
244 123 131 139 147 155 200 192 
244 124 121 129 137 145 153 35 
244 125 133 141 149 157 144 136 
244 127 128 135 126 134 142 150 
245 161 169 177 185 193 235 227 
245 162 170 178 186 194 
245 164 172 180 188 196 237 229 221 211 
245 165 163 171 179 187 195 
245 167 175 166 174 182 190 198 
245 168 173 181 189 197 184 
246 202 201 209 217 225 233 
246 203 210 218 226 234 219 
246 205 213 208 216 224 232 240 
246 206 214 222 230 238 33 25 