147 2 64 137 77 
146 4 6 54 98 49 
148 63 28 5 
147 130 99 144 118 
146 8 56 125 61 36 57 
147 142 131 9 
145 14 127 88 52 
148 16 65 93 76 116 
145 17 80 3 121 40 
148 18 123 128 33 120 
146 24 19 141 74 72 
147 23 122 81 32 
148 21 66 90 7 
148 43 104 22 58 25 126 
145 26 95 1 13 110 
147 94 102 48 97 134 30 
147 42 31 
145 109 107 11 35 
146 135 105 115 101 
145 39 71 27 114 
147 44 38 20 103 
145 133 73 10 50 
146 51 46 68 
148 106 138 96 53 
146 75 55 
148 86 29 82 59 
145 62 139 132 119 69 
145 91 45 87 78 
146 83 34 111 
148 92 143 15 41 84 
146 117 67 85 
147 124 113 136 60 47 140 89 
146 70 79 100 
145 129 12 112 
146 37 108 