194 173 7 81 150 60 2 
196 8 100 78 184 146 103 
194 125 11 
193 12 89 117 5 35 
196 124 28 153 189 15 
195 16 139 130 167 109 19 159 
196 49 63 90 18 
196 144 163 143 101 182 86 
193 152 165 65 192 76 21 
194 25 142 183 46 172 
195 27 113 69 22 168 
194 110 116 30 
193 154 115 99 171 33 
195 34 39 47 162 132 85 127 
196 37 92 87 45 170 158 
194 137 3 145 157 38 
196 112 164 88 151 140 31 147 40 
193 180 161 50 121 67 56 42 
196 44 185 17 119 23 120 4 
196 175 43 102 179 48 
196 51 1 105 20 
195 93 134 24 64 53 160 52 
194 58 128 59 129 97 55 
194 79 149 73 108 122 57 
195 62 77 10 98 36 187 
193 68 71 177 9 141 
195 190 14 70 
196 94 41 6 29 54 156 191 75 
193 82 104 32 181 
196 83 84 136 61 126 118 
195 91 186 135 66 106 138 
193 148 13 174 131 176 80 95 
194 178 133 107 111 
194 123 188 72 74 155 
196 169 96 26 114 166 