243 3 111 138 171 236 169 
243 5 166 37 83 181 116 195 
242 85 221 240 7 
243 10 205 53 120 191 167 
241 11 124 189 60 224 96 104 
243 12 206 185 192 222 219 89 38 
244 18 54 153 56 141 165 115 
241 158 211 15 4 129 90 22 
242 225 121 100 101 35 151 29 
242 30 198 77 113 87 97 69 
243 112 103 186 31 
243 32 9 66 73 24 74 6 199 41 93 
244 36 210 173 65 159 
244 43 239 34 232 2 147 68 76 98 
243 170 190 172 82 226 8 45 
244 144 163 63 178 176 109 70 46 
244 238 26 23 17 196 40 52 
241 142 81 217 102 133 61 
244 67 92 58 220 86 228 
241 75 194 180 19 200 1 16 117 
241 161 150 149 44 78 
241 91 33 131 57 114 
244 143 72 123 201 204 14 134 130 95 
244 99 179 218 229 127 233 216 
243 107 13 156 42 152 126 
244 237 122 27 215 47 110 
244 119 71 50 88 164 155 
242 132 79 227 105 148 59 231 214 125 
242 182 137 174 49 208 128 
242 162 207 106 64 202 62 136 139 
243 145 108 118 146 175 140 25 234 
241 157 154 51 39 94 223 209 
241 193 84 160 21 48 184 168 
242 212 213 188 183 
241 203 55 20 235 187 80 177 197 135 28 230 