291 12 21 45 22 161 214 6 
292 64 237 96 126 50 206 7 
291 98 195 129 241 52 259 225 199 189 9 
291 19 14 116 91 286 159 80 68 42 
292 23 57 62 170 183 155 227 239 94 
290 282 272 75 202 165 187 35 193 257 24 
290 38 221 17 146 204 15 171 5 27 235 85 71 
289 39 264 172 60 200 105 103 205 
292 40 209 58 268 101 18 82 
290 156 242 231 255 269 254 152 48 43 
290 177 66 114 148 198 203 61 
289 77 72 69 8 90 131 169 110 275 
291 81 167 33 30 128 121 201 132 271 
291 84 76 143 197 287 34 149 212 
289 86 160 218 185 251 25 276 41 104 
291 87 74 137 78 216 20 243 
291 175 270 279 138 229 210 130 88 
291 163 47 108 1 154 164 93 
292 232 133 188 249 127 99 55 95 
290 100 3 173 262 283 115 70 158 
291 106 228 139 215 182 122 278 230 124 
289 285 44 224 266 59 136 119 
290 135 288 280 144 51 10 56 226 
291 246 196 162 37 192 141 
289 281 11 117 120 186 263 258 142 
292 151 250 113 13 234 97 207 208 
290 217 284 260 79 31 32 157 
292 181 211 145 83 168 125 190 118 176 
291 252 102 267 166 46 26 123 36 178 
290 179 111 109 153 247 67 49 184 
289 180 253 277 28 150 273 261 
292 191 107 223 236 16 238 29 219 
290 245 54 53 233 4 92 222 89 240 
292 274 65 2 73 174 63 134 244 
289 265 220 194 256 112 140 213 147 248 