149 83 64 85 1 76 6 
146 8 38 16 22 61 110 
148 142 12 9 
146 23 113 103 4 18 
148 19 3 5 139 134 
150 99 71 17 111 130 20 
149 21 100 30 31 
147 56 135 46 24 
145 34 109 63 25 
145 28 102 101 96 
147 33 37 88 126 
149 36 124 58 60 94 
145 40 39 93 141 82 116 
146 104 10 35 42 
147 45 121 49 
146 50 128 51 118 
149 52 95 86 89 
145 53 47 66 11 78 
150 54 59 15 125 
150 72 144 43 81 55 
145 122 7 29 57 
147 68 108 119 
148 69 143 
149 112 67 70 
145 73 84 27 80 
150 75 98 
148 132 65 77 
147 91 32 62 87 
146 90 26 120 
147 136 41 92 
149 107 48 2 131 137 
150 123 44 115 13 114 
149 138 14 105 79 117 
146 133 106 74 97 127 
145 129 140 