219 4 43 143 1 18 141 14 147 
218 5 148 102 84 31 182 69 
222 204 206 154 111 87 92 25 
220 144 98 100 40 70 159 10 
219 202 11 171 26 12 
221 155 96 8 17 
217 150 105 23 120 214 130 20 
221 114 71 212 34 22 
217 86 29 101 153 42 24 
220 178 192 90 27 
219 205 162 41 95 77 32 
220 37 38 99 66 112 213 91 
221 51 48 145 134 183 175 89 136 173 132 
219 149 152 115 80 52 
222 179 19 125 203 166 54 
217 172 123 36 58 56 
217 67 59 64 39 78 117 15 60 
221 181 75 116 44 185 196 61 
220 142 193 210 62 
220 174 151 133 126 198 63 
222 65 53 176 46 211 33 72 
221 215 170 131 122 109 21 
218 73 108 16 121 118 85 7 
217 180 110 47 79 3 2 103 
219 177 135 104 163 199 94 45 106 
221 201 97 165 50 49 160 107 
219 124 6 88 194 
218 207 197 187 127 
218 156 189 76 35 128 
220 139 146 83 157 184 28 55 129 
222 188 113 164 9 81 138 
217 167 30 140 119 68 158 
219 209 137 82 186 168 
217 190 169 13 161 191 216 
221 200 74 57 208 93 195 