293 6 16 222 7 59 174 89 105 
294 9 266 48 279 281 238 278 209 116 182 
290 10 157 17 251 192 261 143 190 117 149 37 
294 112 265 75 77 184 65 103 189 19 
292 25 114 213 284 269 168 225 140 287 176 
293 27 110 230 78 41 111 132 102 
291 29 145 42 34 134 151 1 21 156 
290 233 274 277 129 22 166 18 201 92 32 
289 246 14 175 235 229 135 113 195 33 
290 179 100 108 126 86 35 
293 38 44 88 169 121 237 148 255 74 
289 40 51 268 161 288 
291 43 141 20 28 232 205 49 249 
292 221 61 271 133 12 73 45 
292 97 267 66 181 131 46 
289 47 83 52 164 146 26 55 104 234 
289 80 95 24 30 197 187 67 272 217 256 53 
291 262 142 147 240 36 154 236 96 57 
294 84 171 144 188 4 60 
289 62 54 123 138 280 70 
293 72 155 242 71 68 56 101 150 250 81 
293 79 185 115 109 76 202 253 
294 260 93 207 177 193 173 165 223 85 
293 158 152 128 203 243 90 63 99 
291 106 170 212 91 196 241 39 15 245 224 162 
289 206 64 50 82 210 58 107 
292 127 159 283 172 137 5 198 194 120 
292 219 264 226 259 119 180 153 124 
292 214 31 216 270 231 125 
291 139 199 178 211 191 130 254 204 11 220 239 
291 275 69 87 94 13 23 
290 160 118 263 122 244 98 276 
292 257 163 247 8 228 167 
292 218 186 227 273 136 3 252 183 
293 258 2 248 208 286 215 200 285 282 