0 11 100 2 83 131 20 59 3 101 22 80
0 12 63 37 52 15 107 44 137 92 42 64 136
0 27 81 138 48 112 23 69 7 61 26 113 114
0 38 62 9 130 50 118 21 79 74 34 104 30 105 75
0 46 102 6 57 132 98 24 97 86 43 99
0 47 56 146 149 4 109 143 135 111 13 67 96
0 139 110 18 55 134 25 95 58 14 133 68
0 77 32 119 51 1 120 60 8 140 82 31 28 70 116
0 78 126 16 127 53 129 29 128 84 35 85 36 121 115
0 144 145 17 147 142 87 148 150 141 66 41 94 19 40 88
0 108 90 71 123 122 124 125 33 72 91 45 65 93
0 103 5 76 49 10 54 39 89 106 73 117