0 1 34 62 98 142 194 254 255 256 257 258 
0 2 63 99 143 195 196 197 198 199 259 328 329 
0 3 38 68 106 152 206 205 204 150 151 
0 4 71 109 155 209 210 272 273 274 344 343 342 
0 5 76 116 164 220 219 283 355 354 353 352 
0 6 45 77 117 165 221 285 284 356 357 358 
0 7 48 80 120 168 169 225 226 227 292 
0 8 85 127 177 176 234 233 299 298 372 371 370 
0 9 52 86 128 178 236 235 301 300 374 373 
0 10 54 88 130 180 238 239 305 379 380 381 
0 11 90 132 133 183 241 242 309 310 385 386 387 
0 12 59 95 139 191 251 319 318 317 316 315 
0 13 33 61 97 141 193 253 321 322 323 324 325 326 327 
0 14 35 64 100 144 145 146 147 201 200 260 261 
0 15 36 66 65 101 102 148 202 263 262 331 330 
0 16 37 67 105 104 103 149 203 265 264 333 332 
0 17 39 69 107 153 207 269 268 267 266 336 335 334 
0 18 40 70 108 154 208 270 271 341 340 339 338 337 
0 19 42 73 111 112 158 159 160 214 276 277 348 
0 20 43 74 114 113 161 217 216 215 278 350 349 
0 21 44 75 115 163 162 218 282 281 280 279 351 
0 22 46 78 118 166 222 286 287 359 360 361 362 363 
0 23 47 79 119 167 223 224 288 289 290 291 364 365 
0 24 49 81 121 122 170 171 172 228 229 293 366 
0 25 50 82 83 123 124 173 230 294 295 367 368 
0 26 51 84 126 125 175 174 232 231 297 296 369 
0 27 53 87 129 179 237 303 304 378 377 376 302 375 
0 28 55 89 131 181 182 240 306 307 308 382 383 384 
0 30 57 93 137 136 135 187 186 246 314 313 389 
0 29 56 91 92 134 184 185 243 244 311 312 388 
0 31 58 94 138 190 250 249 189 188 248 247 245 
0 32 60 96 140 192 252 320 396 395 394 393 392 391 390 
0 41 72 110 156 157 211 212 213 275 345 346 347 