0 1 61 121 193 198 253 258 313 318 373 378 
0 2 62 141 146 201 206 261 266 321 326 381 386 387 
0 3 82 142 151 202 211 262 271 322 331 382 363 391 
0 4 64 124 217 222 277 282 337 342 397 402 
0 5 50 51 111 171 231 291 350 405 410 411 
0 6 66 166 175 226 235 286 295 346 355 366 
0 13 18 73 78 133 138 181 241 414 315 316 376 
0 14 23 83 134 143 194 203 254 314 263 264 324 384 367 
0 16 76 136 196 197 192 300 252 360 420 
0 17 12 77 72 137 132 256 257 317 377 
0 19 20 79 80 139 140 199 259 319 320 307 
0 21 26 81 86 87 147 207 267 268 327 362 
0 22 31 91 92 152 212 272 332 392 393 368 
0 24 84 144 204 205 187 265 247 325 385 
0 25 7 85 67 145 127 200 260 379 380 
0 27 28 8 88 148 208 188 248 328 388 
0 29 34 89 94 149 183 243 303 389 334 394 
0 30 39 90 99 150 159 210 219 270 279 330 339 390 399 400 369 
0 32 33 93 68 153 128 213 273 333 308 
0 35 95 155 215 216 189 276 249 336 396 
0 36 9 96 69 156 129 221 281 341 401 
0 37 42 43 103 104 163 164 223 283 343 310 
0 38 47 98 107 158 167 218 227 278 287 288 348 349 409 370 
0 40 41 100 101 160 161 220 280 340 309 
0 44 10 109 70 169 130 224 284 344 403 
0 45 105 110 165 170 225 230 285 290 345 305 365 408 
0 46 55 106 115 116 176 236 296 356 357 417 371 
0 48 49 108 168 228 229 190 289 250 404 
0 52 11 112 71 172 232 191 292 351 352 
0 53 58 113 118 173 178 233 238 293 298 353 358 413 418 419 372 
0 54 15 114 75 174 135 234 195 294 255 354 301 361 375 
0 56 57 117 177 131 237 297 251 311 412 
0 59 60 119 120 179 180 239 240 299 359 312 
0 63 123 209 154 214 269 329 274 275 335 395 
0 65 125 185 245 338 347 398 407 
0 74 122 182 242 302 374 323 383 
0 97 102 157 162 184 244 304 364 
0 126 186 246 306 406 415 416 