0 1 30 58 69 81 94 108 123 139 156 174 194 214 232 250 266 282 297 323 335 
0 2 42 74 87 101 116 132 149 167 185 205 225 243 260 276 292 306 319 343 354 363 371 
0 3 22 29 37 46 56 67 79 92 106 121 137 154 172 192 212 230 248 264 280 295 309 322 
0 4 70 96 110 125 141 158 176 196 216 234 252 268 284 298 312 325 347 356 372 379 
0 5 26 34 43 53 64 76 89 103 118 134 151 169 187 207 227 245 262 278 294 308 321 333 
0 6 10 15 21 28 36 45 55 66 78 91 105 120 136 153 171 190 210 191 211 229 247 
0 7 23 48 82 95 109 124 140 157 175 195 215 233 251 267 283 311 324 336 346 355 364 
0 8 25 51 86 114 130 147 165 183 203 223 241 258 274 290 304 317 330 341 352 361 370 384 
0 9 14 20 27 35 44 54 65 77 90 104 119 135 152 170 188 208 189 209 228 246 263 279 
0 11 16 38 47 57 68 80 93 107 122 138 155 173 193 213 231 249 265 281 296 310 334 345 
0 12 50 72 98 128 162 180 200 220 238 255 287 315 339 359 368 375 382 387 392 395 398 
0 13 33 62 100 115 131 148 166 184 204 224 242 259 275 291 305 318 331 342 353 362 378 
0 17 39 59 83 111 126 142 159 177 197 217 235 253 269 285 299 313 326 337 357 365 373 385 
0 18 41 73 99 129 146 164 182 202 222 240 257 273 289 303 329 340 351 369 377 383 389 
0 19 52 63 75 88 102 117 133 150 168 186 206 226 244 261 277 293 307 320 332 344 
0 24 40 60 84 112 144 161 179 199 219 237 271 301 327 349 367 381 386 391 394 397 399 
0 31 49 71 97 127 143 160 178 198 218 236 254 270 286 300 314 338 348 358 366 374 380 390 
0 32 61 85 113 145 163 181 201 221 239 256 272 288 302 316 328 350 360 376 388 393 396 