0 1 34 62 98 142 143 195 196 197 198 
0 2 15 36 64 101 102 148 201 
0 3 38 68 106 105 151 205 204 203 202 
0 4 41 71 109 110 111 157 158 112 
0 5 20 43 75 115 163 162 161 
0 6 45 77 117 165 221 222 223 224 
0 7 48 80 81 82 83 123 172 
0 8 25 51 85 127 177 176 175 
0 9 27 53 87 129 179 237 238 
0 10 28 54 88 130 180 181 239 
0 11 30 56 90 133 183 184 185 
0 12 59 95 94 93 136 188 248 247 
0 13 33 61 97 141 192 191 251 252 193 194 
0 14 35 63 99 100 144 145 146 147 199 200 
0 16 37 67 66 65 103 104 150 149 
0 17 39 69 107 153 152 206 207 208 209 
0 18 40 70 108 154 155 156 210 211 212 213 
0 19 42 72 73 74 114 113 159 160 214 
0 21 44 76 116 164 220 219 218 217 216 215 
0 22 46 78 118 166 167 168 169 225 226 227 
0 23 47 79 119 120 121 122 170 171 228 229 
0 24 49 50 84 126 125 124 174 173 230 
0 26 52 86 128 178 236 235 234 233 232 231 
0 29 55 89 131 132 182 240 241 242 243 244 245 
0 31 58 57 91 92 134 135 187 186 246 
0 32 60 96 140 139 138 137 189 249 250 190 