0 1 30 58 69 81 94 108 123 139 156 174 191 207 222 248 260 270 280 296 
0 2 33 62 74 87 101 116 132 148 165 183 200 216 230 243 267 277 295 302 
0 3 22 29 37 46 56 67 79 92 106 121 137 154 172 189 205 220 234 258 269 
0 4 41 73 99 114 130 146 163 181 198 214 228 254 265 285 301 313 317 320 
0 5 26 34 43 53 64 76 89 103 118 134 150 167 185 202 218 232 245 257 268 
0 6 10 15 21 28 36 45 55 66 78 91 105 120 136 153 171 188 204 219 233 246 
0 7 23 48 70 82 95 109 124 140 157 175 192 208 223 236 249 261 271 281 289 303 
0 8 25 51 86 100 115 131 147 164 182 199 215 229 242 255 266 276 286 294 308 
0 9 14 20 27 35 44 54 65 77 90 104 119 135 151 168 186 169 152 170 187 203 
0 11 16 38 47 57 68 80 93 107 122 138 155 173 190 206 221 235 247 259 279 288 
0 12 50 72 98 128 144 161 179 196 212 227 240 252 264 274 292 300 306 311 319 
0 13 19 42 52 63 75 88 102 117 133 149 166 184 201 217 231 244 256 278 287 
0 17 39 59 83 96 110 125 141 158 176 193 209 224 237 250 272 290 297 304 309 314 
0 18 32 61 85 113 129 145 162 180 197 213 241 253 275 284 293 307 312 316 322 323 
0 24 40 60 84 112 127 143 160 178 195 211 226 239 263 283 291 299 305 315 321 
0 31 49 71 97 111 126 142 159 177 194 210 225 238 251 262 273 282 298 310 318 