0 1 114 174 75 76 136 196 255 354 301 315 
0 2 62 122 201 146 206 261 321 266 207 
0 3 63 123 211 262 271 322 331 332 333 
0 4 64 124 217 162 222 277 337 282 223 
0 5 65 125 227 278 287 338 347 348 349 
0 6 66 166 175 226 235 286 295 346 306 355 
0 13 18 73 78 133 138 193 181 253 198 199 200 259 319 
0 14 23 74 83 134 143 194 182 242 302 326 
0 19 20 79 80 139 140 127 205 187 260 320 
0 21 26 81 141 86 87 88 147 148 128 208 267 327 
0 22 31 82 91 142 151 202 183 243 303 334 
0 24 84 144 203 254 263 314 323 324 325 307 
0 25 7 85 67 145 204 264 265 247 
0 27 28 8 93 68 153 213 188 268 328 
0 29 34 89 94 149 154 209 214 269 329 274 275 335 309 
0 30 39 40 41 100 160 161 220 279 330 339 340 
0 32 33 92 152 212 272 273 248 308 
0 35 95 96 155 215 216 189 276 249 336 
0 36 9 101 69 156 129 221 280 281 341 
0 37 42 97 157 102 103 104 163 164 130 224 283 343 
0 38 47 98 107 158 167 218 185 245 305 350 
0 43 44 10 109 70 169 229 190 284 344 
0 45 50 105 110 165 170 225 230 285 345 290 291 351 
0 46 55 106 115 116 117 176 177 236 296 356 311 
0 48 49 108 168 228 288 289 250 310 
0 51 52 111 171 231 232 191 292 251 352 
0 53 113 126 186 246 353 298 358 359 360 
0 54 15 16 17 12 77 72 137 197 256 316 
0 56 57 11 112 71 172 131 237 297 357 
0 58 118 173 178 233 293 238 239 299 300 252 312 
0 59 60 119 120 179 180 132 240 192 257 317 
0 61 121 234 135 195 294 241 313 258 318 
0 90 99 150 159 210 184 219 270 244 304 342 
