0 1 22 29 37 46 56 67 79 92 107 123 138 152 165 178 190 201 
0 2 13 62 74 87 101 116 132 147 161 174 186 208 226 234 240 245 
0 3 16 38 47 57 68 80 93 108 124 139 153 166 179 191 202 211 220 
0 4 33 42 52 63 75 88 102 117 133 148 162 175 187 198 209 218 
0 5 19 26 34 43 53 64 76 89 103 118 134 149 163 176 188 199 219 227 
0 6 10 15 21 28 36 45 55 66 78 91 106 122 137 151 136 120 105 121 
0 7 23 39 59 70 82 95 110 126 141 155 168 181 193 213 221 229 241 
0 8 25 51 73 86 100 115 131 146 160 173 185 197 207 217 225 233 239 249 
0 9 14 20 27 35 44 54 65 77 90 104 119 135 150 164 177 189 200 210 
0 11 30 48 58 69 81 94 109 125 140 154 167 180 192 203 212 228 235 
0 12 32 50 72 98 113 129 144 158 171 195 215 231 243 248 252 254 255 
0 17 31 49 71 83 96 111 127 142 156 169 182 194 204 222 230 236 246 250 
0 18 41 61 85 99 114 130 145 159 172 184 196 206 216 224 232 238 244 
0 24 40 60 84 97 112 128 143 157 170 183 205 214 223 237 242 247 251 253 