0 1 62 98 142 194 254 255 323 399 400 401 402 403 
0 2 67 105 151 150 204 203 202 264 263 333 410 
0 3 38 68 106 152 206 205 267 266 265 412 
0 4 71 109 155 209 271 341 342 343 421 420 419 418 
0 5 72 111 157 211 212 213 275 345 346 347 426 
0 6 77 117 165 221 285 284 356 436 435 434 433 432 
0 7 80 120 168 224 225 289 290 362 363 364 445 446 
0 8 85 127 177 235 234 300 299 373 372 371 453 452 
0 9 52 86 128 178 236 302 376 375 374 301 
0 10 89 131 181 239 240 306 380 381 382 464 465 466 
0 11 93 137 189 188 187 186 246 314 389 473 472 
0 12 59 95 139 191 251 319 318 317 316 392 
0 13 33 61 97 141 193 253 321 322 398 397 480 479 478 
0 14 35 64 100 144 145 197 257 258 259 328 329 330 
0 15 36 65 101 102 146 198 199 260 261 331 409 408 
0 16 37 66 104 103 149 148 147 201 200 262 332 
0 17 39 69 107 153 207 269 268 338 337 336 335 334 411 
0 18 40 70 108 154 208 270 340 339 417 416 415 414 413 
0 19 42 73 112 158 159 160 214 276 277 348 427 428 
0 20 43 74 114 113 161 217 216 215 278 349 429 
0 21 44 75 115 163 162 218 282 281 280 279 350 430 
0 22 46 78 118 166 222 286 358 357 437 438 439 440 359 
0 23 47 79 119 167 223 287 288 360 361 441 442 443 444 
0 24 48 81 121 169 170 226 227 291 292 293 365 366 
0 25 50 83 125 124 174 173 231 296 369 368 448 449 
0 26 51 84 126 176 175 233 232 298 297 370 451 450 
0 27 53 87 129 179 237 303 377 459 458 457 456 455 454 
0 28 54 88 130 180 238 304 305 379 378 460 461 462 463 
0 29 56 91 133 134 184 242 243 310 311 386 469 470 
0 30 57 92 136 135 185 244 245 313 312 388 387 471 
0 31 58 94 138 190 250 249 248 247 315 391 390 474 
0 32 60 96 140 192 252 320 396 395 394 393 477 476 475 
0 34 63 99 143 195 196 256 324 325 326 327 404 405 406 407 
0 41 110 156 210 272 273 274 344 422 423 424 425 
0 45 76 116 164 220 219 283 355 354 353 352 351 431 
0 49 82 122 123 171 172 228 229 230 294 295 367 447 
0 55 90 132 182 183 241 307 308 309 383 384 385 467 468 