0 1 38 69 81 94 108 123 139 156 174 194 214 235 257 278 316 333 349 365 380 394 418 429 439 
0 2 42 74 87 101 116 132 149 167 186 206 226 247 269 290 309 328 345 361 376 390 416 438 
0 3 15 21 28 36 45 55 66 78 91 105 120 136 153 171 190 210 231 253 274 294 313 331 314 296 
0 4 86 114 130 147 165 184 204 224 245 267 288 307 326 343 359 374 388 402 414 426 436 446 462 
0 5 20 27 35 44 54 65 77 90 104 119 135 152 170 189 209 230 252 273 251 229 250 272 293 312 
0 6 10 29 37 46 56 67 79 92 106 121 137 154 172 192 212 191 211 232 254 233 255 275 295 276 
0 7 30 58 82 95 109 124 140 157 175 195 215 236 258 279 298 317 334 350 366 381 395 407 419 430 448 
0 8 33 62 100 115 131 148 166 185 205 225 246 268 289 308 327 344 360 375 389 403 415 427 437 447 455 
0 9 14 34 43 53 64 76 89 103 118 134 151 169 188 208 228 249 271 292 311 330 347 363 378 392 405 417 
0 11 16 22 47 57 68 80 93 107 122 138 155 173 193 213 234 256 277 297 315 332 348 364 379 393 406 
0 12 24 111 143 160 178 198 218 239 261 282 301 320 337 353 369 384 410 421 432 450 464 470 478 
0 13 19 26 52 63 75 88 102 117 133 150 168 187 207 227 248 270 291 310 329 346 362 377 391 404 428 
0 17 39 59 83 126 142 159 177 197 217 238 260 281 300 319 336 352 368 383 397 409 431 441 457 463 469 474 
0 18 41 61 85 113 145 163 182 202 222 243 265 286 305 324 341 357 372 400 424 444 453 461 467 477 
0 23 48 70 96 110 125 141 158 176 196 216 237 259 280 299 318 335 351 367 382 396 408 420 440 449 456 
0 25 51 73 99 129 146 164 183 203 223 244 266 287 306 325 342 358 373 387 401 413 425 435 445 454 468 473 
0 31 49 71 97 127 161 179 199 219 240 262 283 302 321 338 354 370 398 422 442 458 465 475 479 481 483 
0 32 50 72 98 128 162 181 201 221 242 264 285 304 323 340 356 386 412 423 434 452 460 472 476 480 482 
0 40 60 84 112 144 180 200 220 241 263 284 303 322 339 355 371 385 399 411 433 443 451 459 466 471 