0 40 39 38 37 77 78 79 80 120 119 118 117 157 158 159 160 200 199 198 197 237 238 239 240 280 320 360 400 399 359 319 279 278 318 358 398 397 357 317 277 
0 1 2 3 4 44 43 42 41 81 82 83 84 124 123 122 121 161 162 163 164 204 203 202 201 241 281 321 361 362 322 282 242 243 283 323 363 364 324 284 244 
0 8 7 6 5 45 46 47 48 88 87 86 85 125 126 127 128 168 167 166 165 205 206 207 208 248 288 328 368 367 327 287 247 246 286 326 366 365 325 285 245 
0 9 10 11 12 52 51 50 49 89 90 91 92 132 131 130 129 169 170 171 172 212 211 210 209 249 289 329 369 370 330 290 250 251 291 331 371 372 332 292 252 
0 16 15 14 13 53 54 55 56 96 95 94 93 133 134 135 136 176 175 174 173 213 214 215 216 256 296 336 376 375 335 295 255 254 294 334 374 373 333 293 253 
0 17 18 19 20 60 59 58 57 97 98 99 100 140 139 138 137 177 178 179 180 220 219 218 217 257 297 337 377 378 338 298 258 259 299 339 379 380 340 300 260 
0 24 23 22 21 61 62 63 64 104 103 102 101 141 142 143 144 184 183 182 181 221 222 223 224 264 304 344 384 383 343 303 263 262 302 342 382 381 341 301 261 
0 25 26 27 28 68 67 66 65 105 106 107 108 148 147 146 145 185 186 187 188 228 227 226 225 265 305 345 385 386 346 306 266 267 307 347 387 388 348 308 268 
0 32 31 30 29 69 70 71 72 112 111 110 109 149 150 151 152 192 191 190 189 229 230 231 232 272 312 352 392 391 351 311 271 270 310 350 390 389 349 309 269 
0 33 34 35 36 76 75 74 73 113 114 115 116 156 155 154 153 193 194 195 196 236 235 234 233 273 313 353 393 394 354 314 274 275 315 355 395 396 356 316 276 
