0 1 61 133 78 138 193 181 198 199 200 
0 2 62 122 194 143 84 85 144 203 
0 3 63 149 94 154 209 183 211 212 153 
0 4 64 157 102 162 217 184 222 223 224 
0 5 65 125 218 167 108 109 168 227 
0 6 66 173 118 178 233 186 235 236 177 
0 13 73 18 19 20 79 139 140 127 205 187 
0 14 23 74 134 83 24 25 7 80 67 145 204 
0 16 17 76 77 72 137 132 240 192 
0 21 26 81 141 86 27 28 87 146 201 182 206 207 208 
0 22 31 82 91 142 123 202 151 92 93 152 68 
0 29 89 34 35 36 95 9 96 155 214 215 216 
0 30 39 90 99 150 124 210 159 160 161 220 219 
0 32 33 8 88 147 148 128 213 188 
0 37 97 42 43 44 103 163 164 130 229 190 
0 38 47 98 158 107 48 49 10 104 70 169 228 
0 40 41 100 101 69 156 129 221 189 
0 45 50 105 165 110 51 52 111 170 225 185 230 231 232 
0 46 55 106 115 166 126 226 175 116 117 176 71 
0 53 113 58 59 60 119 12 120 179 180 239 238 
0 54 15 114 75 174 121 234 135 136 195 196 197 
0 56 57 11 112 171 172 131 237 191 