0 1 34 62 98 142 194 195 196 197 102 
0 2 15 36 64 100 101 198 199 
0 3 39 69 107 153 207 206 205 151 152 
0 4 41 71 109 155 156 157 211 210 272 
0 5 44 75 115 163 162 161 217 216 215 
0 6 22 77 117 165 221 285 284 283 282 
0 7 46 78 118 166 222 286 287 288 289 290 
0 8 49 81 121 122 123 124 173 229 
0 9 52 86 128 127 177 178 236 235 300 
0 10 54 88 130 180 181 182 240 306 307 
0 11 58 94 138 190 189 188 247 246 313 
0 12 59 95 139 191 251 250 249 248 135 
0 13 33 61 97 141 193 253 254 255 256 257 258 259 
0 14 35 63 99 143 144 145 146 147 200 260 261 
0 16 37 67 66 65 103 149 148 202 201 262 
0 17 38 68 106 105 104 150 204 203 265 264 263 
0 18 40 70 108 154 208 209 271 270 269 268 267 266 
0 19 42 72 110 111 112 158 212 213 275 274 273 
0 20 43 73 74 114 113 159 160 214 276 277 
0 21 45 76 116 164 220 219 218 281 280 279 278 
0 23 47 79 119 167 223 224 225 226 227 291 292 
0 24 48 80 120 168 169 170 171 172 228 293 294 
0 25 50 82 83 125 175 174 232 231 230 295 
0 26 51 85 84 126 176 234 233 299 298 297 296 
0 27 53 87 129 179 237 238 239 305 304 303 302 301 
0 28 55 89 131 132 133 183 241 242 308 309 310 
0 29 56 90 91 92 134 184 185 243 244 311 
0 31 30 57 93 137 136 187 186 245 312 
0 32 60 96 140 192 252 320 319 318 317 316 315 314 
