0 1 114 15 16 17 76 77 136 195 294 196 256 
0 2 62 122 201 146 206 261 266 267 268 
0 3 82 31 32 33 92 93 152 211 262 212 272 
0 4 90 150 99 100 159 210 219 270 244 279 280 
0 5 65 158 107 108 167 218 185 285 230 
0 6 66 126 233 178 238 293 298 299 300 
0 13 18 73 78 133 121 193 138 79 139 199 258 259 
0 14 23 74 83 134 143 194 182 203 254 242 263 264 
0 19 20 7 80 67 140 127 200 260 265 
0 21 81 141 86 87 147 148 207 208 188 248 
0 22 63 142 91 151 202 183 214 269 243 271 
0 24 25 84 85 144 145 204 205 187 247 
0 26 27 28 8 88 68 153 128 213 273 
0 29 34 89 94 149 123 209 154 155 156 215 274 275 276 
0 30 39 40 41 9 101 160 220 221 281 249 
0 35 36 95 96 69 161 129 216 189 
0 37 42 97 102 157 217 162 163 164 130 224 190 289 
0 38 98 47 48 49 10 109 168 227 278 245 287 
0 43 44 103 104 70 169 228 229 288 250 
0 45 50 105 110 165 125 225 170 111 171 231 290 291 
0 46 55 106 115 166 175 226 186 235 286 246 295 296 
0 51 52 11 112 71 172 131 232 292 297 
0 53 113 173 118 119 179 180 239 240 192 252 
0 54 61 174 75 135 234 181 198 253 241 255 
0 56 57 116 117 176 177 236 237 191 251 
0 58 59 60 12 120 72 137 132 197 257 
0 64 124 184 277 222 223 282 283 284 