0 1 76 75 74 73 72 148 149 150 151 152 228 227 226 225 301 302 303 379 378 377 376 375 451 452 453 454 455 456 532 531 530 529 605 606 607 608 684 683 682 681 757 758 759 760 685 
0 2 3 4 5 6 82 81 80 79 78 77 153 154 155 231 230 229 304 380 305 306 307 308 309 385 384 383 382 381 457 458 459 460 536 535 534 533 609 610 611 612 613 689 688 687 686 
0 10 9 8 7 83 84 85 161 160 159 158 157 156 232 233 234 235 236 312 311 310 386 387 388 389 390 466 465 464 463 462 461 537 538 539 540 616 615 614 690 691 692 693 694 
0 11 12 13 14 90 89 88 87 86 162 163 164 240 239 238 237 313 314 315 316 317 318 394 393 392 391 467 468 469 470 546 545 544 543 542 541 617 618 619 620 621 697 696 695 
0 18 17 16 15 91 92 93 94 170 169 168 167 166 165 241 242 243 244 245 321 320 319 395 396 397 398 474 473 472 471 547 548 549 550 551 627 626 625 624 623 622 698 699 700 
0 19 20 21 22 98 97 96 95 171 172 173 174 175 251 250 249 248 247 246 322 323 324 325 401 400 399 475 476 477 478 479 555 554 553 552 628 629 630 706 705 704 703 702 701 
0 23 99 100 101 102 103 179 178 177 176 252 253 254 255 331 330 329 328 327 326 402 403 404 405 406 407 483 482 481 480 556 557 558 559 635 634 633 632 631 707 708 709 
0 24 25 26 27 28 104 105 106 107 108 184 183 182 181 180 256 257 258 259 260 336 335 334 333 332 408 409 410 411 487 486 485 484 560 561 562 563 564 640 639 638 637 636 712 711 710 
0 29 30 31 32 33 34 35 111 110 109 185 186 187 188 189 265 264 263 262 261 337 338 339 340 341 417 416 415 414 413 412 488 489 490 566 565 641 642 643 719 718 717 716 715 714 713 
0 36 112 113 114 115 116 117 118 194 193 192 191 190 266 267 268 269 270 346 345 344 343 342 418 419 495 494 493 492 491 567 568 569 570 646 645 644 720 721 722 723 724 725 726 
0 37 38 39 40 41 42 119 120 121 122 198 197 196 195 271 272 273 274 350 349 348 347 423 422 421 420 496 497 498 499 575 574 573 572 571 647 648 649 650 651 727 728 729 730 
0 43 44 45 46 123 124 125 126 202 201 200 199 275 276 277 278 279 355 354 353 352 351 427 426 425 424 500 501 502 503 579 578 577 576 652 653 654 655 731 732 733 734 735 736 
0 47 48 49 50 51 52 53 54 130 129 128 127 203 204 205 206 207 283 282 281 280 356 357 433 432 431 430 429 428 504 505 506 507 508 584 583 582 581 580 656 657 658 659 660 661 662 738 737 
0 59 58 57 56 55 131 132 133 134 135 211 210 209 208 284 285 286 362 361 360 359 358 434 435 436 437 513 512 511 510 509 585 586 587 588 589 665 664 663 739 740 741 742 743 744 
0 60 61 62 63 139 138 137 136 212 213 214 215 216 292 291 290 289 288 287 363 364 365 441 440 439 438 514 515 516 517 593 592 591 590 666 667 668 669 670 671 672 748 747 746 745 
0 66 65 64 140 141 142 143 144 220 219 218 217 293 294 295 371 370 369 368 367 366 442 443 444 445 521 520 519 518 594 595 596 597 598 599 600 676 675 674 673 749 750 751 752 
0 67 68 69 70 71 147 146 145 221 222 223 224 300 299 298 297 296 372 373 374 450 449 448 447 446 522 523 524 525 526 527 528 604 603 602 601 677 678 679 680 756 755 754 753 