0 4 3 2 1 85 86 87 88 89 173 172 171 255 256 257 258 259 260 344 343 427 428 429 430 431 515 514 513 512 511 510 594 595 596 597 681 680 679 678 762 763 764 765 766 
0 5 6 7 8 9 93 92 91 90 174 175 176 177 178 179 263 262 261 345 346 347 348 349 433 432 516 517 518 519 603 602 601 600 599 598 682 683 684 685 686 770 769 768 767 
0 14 13 12 11 10 94 95 96 97 98 182 181 180 264 265 266 267 268 352 351 350 434 435 436 437 438 522 521 520 604 605 606 607 691 690 689 688 687 771 772 773 774 775 776 
0 15 16 17 18 102 101 100 99 183 184 185 186 187 271 270 269 353 354 355 356 357 358 442 441 440 439 523 524 525 526 527 611 610 609 608 692 693 694 695 696 780 779 778 777 
0 22 21 20 19 103 104 105 106 107 191 190 189 188 272 273 274 275 276 360 359 443 444 445 446 447 531 530 529 528 612 613 614 615 616 700 699 698 697 781 782 783 784 785 786 
0 23 24 25 26 27 111 110 109 108 192 193 194 195 196 280 279 278 277 361 362 363 364 365 449 448 532 533 534 535 536 620 619 618 617 701 702 703 704 705 706 790 789 788 787 
0 32 31 30 29 28 112 113 114 115 199 198 197 281 282 283 284 285 369 368 367 366 450 451 452 453 454 455 539 538 537 621 622 623 624 625 626 710 709 708 707 791 792 793 794 
0 33 34 35 36 120 119 118 117 116 200 201 202 203 204 288 287 286 370 371 372 373 374 375 459 458 457 456 540 541 542 543 627 628 629 630 631 715 714 713 712 711 795 796 797 
0 40 39 38 37 121 122 123 124 208 207 206 205 289 290 291 292 376 377 378 379 380 464 463 462 461 460 544 545 546 547 548 549 550 634 633 632 716 717 718 802 801 800 799 798 
0 44 43 42 41 125 126 127 128 129 213 212 211 210 209 293 294 295 296 297 298 382 381 465 466 467 468 469 470 554 553 552 551 635 636 637 638 722 721 720 719 803 804 805 806 807 
0 45 46 47 48 49 133 132 131 130 214 215 216 217 218 302 301 300 299 383 384 385 386 387 388 389 473 472 471 555 556 557 558 642 641 640 639 723 724 725 726 727 811 810 809 808 
0 53 52 51 50 134 135 136 137 138 222 221 220 219 303 304 305 306 307 308 392 391 390 474 475 476 477 478 562 561 560 559 643 644 645 646 730 729 728 812 813 814 815 816 817 
0 54 55 56 57 141 140 139 223 224 225 226 227 228 312 311 310 309 393 394 395 396 397 398 482 481 480 479 563 564 565 566 650 649 648 647 731 732 733 734 735 736 820 819 818 
0 62 61 60 59 58 142 143 144 145 146 230 229 313 314 315 316 317 318 402 401 400 399 483 484 485 486 570 569 568 567 651 652 653 654 655 656 740 739 738 737 821 822 823 824 
0 63 64 65 66 150 149 148 147 231 232 233 234 235 236 320 319 403 404 405 406 407 491 490 489 488 487 571 572 573 574 575 576 660 659 658 657 741 742 743 744 828 827 826 825 
0 70 69 68 67 151 152 153 154 155 239 238 237 321 322 323 324 325 326 410 409 408 492 493 494 495 496 497 581 580 579 578 577 661 662 663 664 748 747 746 745 829 830 831 832 
0 71 72 73 74 158 157 156 240 241 242 243 244 245 246 330 329 328 327 411 412 413 414 415 416 500 499 498 582 583 584 585 669 668 667 666 665 749 750 751 752 836 835 834 833 
0 79 78 77 76 75 159 160 161 162 163 164 248 247 331 332 333 334 335 336 420 419 418 417 501 502 503 504 421 505 588 587 586 670 671 672 589 673 756 755 754 753 837 838 839 840 
0 80 81 82 83 84 168 167 166 165 249 250 251 252 169 170 254 253 337 338 339 340 341 342 426 425 424 423 422 506 507 508 509 593 592 591 590 674 675 676 677 761 760 759 758 757 