0 4 3 2 1 61 62 63 64 124 123 122 121 181 182 183 184 185 245 244 243 242 241 301 302 303 363 362 361 420 419 479 480 421 422 423 483 482 481 541 542 543 544 545 
0 5 6 7 8 68 67 66 65 125 126 127 128 129 189 188 187 186 246 247 248 308 307 306 305 304 364 365 366 367 368 428 427 426 425 424 484 485 486 487 488 548 547 546 
0 12 11 10 9 69 70 71 72 73 133 132 131 130 190 191 192 193 253 252 251 250 249 309 310 311 312 372 371 370 369 429 430 431 432 433 493 492 491 490 489 549 550 551 
0 13 14 15 16 17 77 76 75 74 134 135 136 137 197 196 195 194 254 255 256 257 317 316 315 314 313 373 374 375 376 377 437 436 435 434 494 495 496 556 555 554 553 552 
0 21 20 19 18 78 79 80 81 82 142 141 140 139 138 198 199 200 201 261 260 259 258 318 319 320 321 381 380 379 378 438 439 440 441 501 500 499 498 497 557 558 559 560 
0 22 23 24 25 26 86 85 84 83 143 144 145 146 206 205 204 203 202 262 263 264 265 325 324 323 322 382 383 384 385 445 444 443 442 502 503 504 505 565 564 563 562 561 
0 30 29 28 27 87 88 89 90 150 149 148 147 207 208 209 210 270 269 268 267 266 326 327 328 329 389 388 387 386 446 447 448 449 509 508 507 506 566 567 568 569 570 
0 31 32 33 34 94 93 92 91 151 152 153 154 214 213 212 211 271 272 273 274 334 333 332 331 330 390 391 392 393 453 452 451 450 510 511 512 513 514 574 573 572 571 
0 39 38 37 36 35 95 96 97 98 158 157 156 155 215 216 217 218 278 277 276 275 335 336 337 338 398 397 396 395 394 454 455 456 457 458 518 517 516 515 575 576 577 578 
0 40 41 42 43 103 102 101 100 99 159 160 161 162 222 221 220 219 279 280 281 282 283 343 342 341 340 339 399 400 401 402 462 461 460 459 519 520 521 522 582 581 580 579 
0 47 46 45 44 104 105 106 107 167 166 165 164 163 223 224 225 226 227 287 286 285 284 344 345 346 406 405 404 403 463 464 465 466 467 527 526 525 524 523 583 584 585 586 
0 48 49 50 51 111 110 109 108 168 169 170 171 172 232 231 230 229 228 288 289 290 291 351 350 349 348 347 407 408 409 410 470 469 468 528 529 530 531 591 590 589 588 587 
0 55 54 53 52 112 113 114 115 116 176 175 174 173 233 234 235 236 296 295 294 293 292 352 353 354 414 413 412 411 471 472 473 474 475 535 534 533 532 592 593 594 595 596 
0 56 57 58 59 60 120 119 118 117 177 178 179 180 240 239 238 237 297 298 299 300 360 359 358 357 356 355 415 416 417 418 478 477 476 536 537 538 539 540 600 599 598 597 