251 246 7 140 172 186 21 138 209 99 232 231 139 1 
250 2 58 183 150 36 220 106 
250 64 193 101 114 148 26 9 153 89 167 13 
250 157 43 223 38 242 56 66 168 47 55 17 
251 22 120 236 23 48 196 174 143 107 212 
251 25 141 74 104 126 116 215 213 112 100 
250 27 173 137 124 49 12 61 90 211 205 31 229 
251 28 182 95 34 188 87 154 76 155 202 
251 37 165 6 169 181 171 67 201 147 
250 69 177 237 146 135 84 102 15 219 75 59 51 
251 63 216 46 93 187 45 77 88 247 
250 96 207 166 19 185 72 33 234 68 142 
250 204 73 198 54 18 30 191 5 133 79 221 
250 224 82 235 11 241 225 80 113 103 
250 163 125 170 230 248 121 189 
251 111 92 178 210 41 110 60 158 159 
250 249 62 122 39 233 176 136 226 32 78 24 40 127 
251 200 179 161 128 14 98 240 117 227 
251 180 91 50 245 94 151 86 149 
251 152 144 192 184 218 119 239 35 156 
250 190 8 123 118 3 16 243 52 162 
250 203 57 214 131 238 10 42 197 194 175 
250 195 217 83 206 65 228 53 130 129 
251 199 44 222 85 105 132 97 29 20 109 134 
251 208 160 164 81 4 115 145 244 108 70 71 