252 234 68 142 232 231 202 139 71 229 1 
251 64 224 249 62 237 146 84 135 118 123 3 
251 230 58 183 150 36 220 13 
250 85 169 171 181 162 59 75 219 16 
250 105 132 97 67 32 78 24 40 17 
250 23 179 161 46 144 192 184 218 119 239 
250 236 120 22 200 63 216 180 152 156 28 
252 33 79 5 133 211 90 61 129 221 205 31 
252 99 70 244 108 155 76 154 87 34 
252 209 100 145 115 81 4 188 95 182 35 
250 111 44 199 25 141 104 74 215 126 116 37 
250 222 165 6 243 52 15 102 38 
250 174 143 14 45 77 88 94 86 149 
252 72 185 19 166 207 73 198 204 54 
251 203 57 214 131 238 10 42 197 194 80 168 47 55 
250 92 178 210 41 110 60 158 134 159 
251 125 163 177 69 190 8 112 213 96 
251 101 193 82 157 43 223 122 39 233 176 136 226 
251 114 148 26 9 153 167 89 248 121 189 106 
250 109 20 227 29 51 201 147 127 
250 117 240 98 107 212 247 
251 170 2 217 83 206 65 228 53 124 
251 195 27 173 137 18 30 191 12 49 130 
252 138 21 186 172 140 164 7 160 246 208 
250 196 48 128 187 93 91 50 245 151 
251 235 11 241 225 242 56 66 113 103 175 