253 115 145 244 108 70 99 142 68 71 229 1 
253 4 81 186 21 138 100 209 234 33 
251 10 238 131 13 167 89 248 121 106 
251 11 241 235 82 224 163 64 125 
251 197 42 194 80 113 103 66 168 47 55 175 17 
252 18 30 191 5 133 79 19 185 72 172 
253 28 156 144 192 184 218 94 151 247 
253 188 87 154 76 155 232 231 202 139 31 
253 160 7 164 140 74 104 126 116 37 
251 56 176 136 226 32 78 201 24 40 127 
250 85 222 165 6 169 181 171 59 67 
253 95 34 182 35 239 119 149 86 
250 196 48 143 14 45 187 93 91 50 88 
250 92 178 210 41 110 60 158 134 159 
250 105 132 97 29 227 20 109 51 147 
250 111 236 23 120 22 44 199 208 246 25 141 
250 117 240 98 107 212 77 245 
252 124 49 12 211 90 61 130 129 221 205 
252 137 54 204 198 73 207 166 96 112 215 
250 174 128 179 161 46 216 180 63 200 152 
252 173 27 195 2 170 58 183 150 189 
251 225 157 249 62 237 177 69 190 8 213 
251 214 57 203 193 101 114 148 26 9 153 230 
252 228 53 65 206 83 36 220 217 
251 223 43 122 146 84 135 123 118 3 16 243 
251 242 38 39 102 15 219 75 162 52 233 
