254 79 33 234 68 142 232 231 202 139 1 
253 27 217 183 58 230 9 153 89 167 13 
251 17 24 40 127 147 201 
254 19 185 72 138 209 99 70 108 244 76 
254 21 100 145 115 4 81 186 172 
250 105 132 97 29 227 20 109 51 67 
251 55 103 113 80 194 197 42 10 238 131 214 203 
251 175 47 168 66 56 242 38 223 225 11 
250 174 143 14 98 117 240 107 45 
253 54 137 18 30 207 166 213 215 37 
251 226 136 176 233 15 102 39 122 43 57 
253 195 2 170 26 148 114 101 193 125 64 
251 78 32 59 75 162 181 171 169 52 219 
250 85 222 165 6 243 16 84 135 146 224 
250 92 178 210 41 110 60 158 134 159 
253 173 83 206 36 150 189 248 121 106 
250 111 236 23 120 22 44 199 25 141 104 74 140 
253 204 198 73 96 112 190 8 123 118 3 116 126 
252 144 216 63 180 152 208 246 7 164 160 
252 156 28 182 95 34 188 87 154 155 
253 163 69 177 237 62 249 157 82 235 241 
254 191 5 133 12 49 124 53 228 65 220 
252 192 184 218 245 88 50 91 77 212 
250 196 48 128 179 161 187 93 46 200 
254 211 90 61 130 129 221 205 31 71 229 
252 239 35 119 94 151 86 149 247 