161 2 1 4 12 20 28 36 17 25 33 
161 6 14 22 30 38 73 65 57 49 41 
161 7 15 23 31 39 74 66 58 50 52 60 68 76 
161 8 5 3 10 18 26 34 9 
164 122 121 129 137 145 153 35 27 19 11 
164 124 132 140 148 156 37 29 21 13 16 24 
162 42 43 51 59 67 75 113 158 40 32 
162 44 46 55 63 71 79 54 62 70 78 
162 45 53 61 69 77 116 108 100 92 89 97 105 
162 47 48 56 64 72 80 118 110 102 94 
163 81 84 86 95 103 111 119 96 
163 82 90 98 106 114 159 151 143 135 134 142 150 
163 85 83 91 99 107 115 160 152 144 136 
163 87 88 93 101 109 117 104 112 120 
164 125 123 130 138 146 154 139 147 155 
164 126 127 128 133 141 149 157 131 