161 1 4 6 12 20 28 36 9 
161 2 10 18 26 34 17 25 33 
161 3 11 19 27 35 153 145 137 129 
161 5 13 21 29 37 156 148 140 132 134 
161 7 8 16 24 32 40 158 150 142 
162 42 50 58 66 74 39 31 23 15 14 
162 44 41 49 57 65 73 38 30 22 
162 43 45 48 55 63 71 79 54 
162 47 46 52 60 68 76 62 70 78 
163 84 92 100 108 116 77 69 61 53 51 
163 86 94 102 110 118 80 72 64 56 
163 82 81 89 97 105 113 75 67 59 
163 88 85 83 93 101 109 117 96 
163 87 95 103 111 119 104 112 120 
164 127 135 143 151 159 114 106 98 90 91 
164 125 128 136 144 152 160 115 107 99 
164 122 123 133 141 149 157 139 147 155 
164 126 124 121 130 138 146 154 131 