241 3 2 1 12 20 28 36 9 
241 4 6 14 22 30 38 73 65 57 49 
241 5 13 21 29 37 156 148 140 132 126 
241 7 15 23 31 39 74 66 58 50 51 59 
241 8 16 24 32 40 158 113 75 67 
246 207 215 223 231 239 34 26 18 10 11 
246 204 206 214 222 230 238 33 25 17 
244 124 121 129 137 145 153 35 27 19 
242 43 42 41 52 60 68 76 54 
242 44 46 55 63 71 79 62 70 78 
242 45 53 61 69 77 116 108 100 92 89 97 105 
242 47 48 56 64 72 80 118 110 102 94 
243 81 84 86 95 103 111 119 96 
243 82 90 98 106 114 159 151 143 134 142 150 
243 85 83 91 99 107 115 160 152 144 
243 87 88 93 101 109 117 104 112 120 
244 122 130 138 146 154 199 191 183 175 176 
244 125 123 131 139 147 155 200 192 184 
244 127 135 128 133 141 149 157 136 
245 161 169 177 185 193 235 227 219 211 
245 162 170 178 186 194 179 187 195 
245 164 172 180 188 196 237 229 221 213 216 
245 167 166 174 182 190 198 240 232 224 
245 168 165 163 173 181 189 197 171 
246 202 201 212 220 228 236 217 225 233 
246 208 205 203 210 218 226 234 209 