361 1 10 18 26 34 239 231 223 206 214 222 230 
361 2 3 11 19 27 35 153 198 240 232 224 216 
361 4 6 14 22 30 38 73 355 320 312 304 296 
361 5 13 21 29 37 156 148 140 121 129 137 145 
361 7 15 23 31 39 74 66 58 50 49 57 65 
361 8 16 24 32 40 75 67 59 51 43 
368 285 293 301 309 317 36 28 20 12 9 17 25 
362 42 41 46 54 62 70 78 360 352 344 
362 44 52 60 68 76 357 349 341 333 336 331 
362 45 53 61 69 77 116 108 100 92 94 102 110 118 
362 47 48 55 63 71 79 56 64 72 80 
363 82 81 89 97 105 113 158 150 142 134 
363 83 85 88 93 101 109 117 96 
363 84 86 87 95 103 111 119 104 112 120 
364 127 135 143 151 159 114 106 98 90 91 99 107 
364 124 132 126 128 136 144 152 160 115 
364 122 130 138 146 154 199 191 183 175 176 184 192 200 
364 125 123 133 141 149 157 131 139 147 155 
365 164 161 169 177 185 193 235 227 219 211 
365 165 163 162 170 178 186 194 179 187 195 
365 166 167 168 173 181 189 197 171 
366 205 213 221 229 237 196 188 180 172 174 182 190 
366 202 201 209 217 225 233 275 267 259 251 
366 204 212 220 228 236 277 269 261 253 256 254 
366 207 215 208 203 210 218 226 234 
367 241 244 246 252 260 268 276 249 
367 245 243 242 250 258 266 274 257 265 273 
367 247 255 263 271 279 314 306 298 290 292 300 308 316 
368 282 283 291 299 307 315 33 238 280 272 264 248 
368 286 284 281 289 297 305 313 278 270 262 
368 287 288 295 303 311 319 354 346 338 330 339 347 
369 322 321 329 337 345 353 318 310 302 294 
369 324 332 340 348 356 334 326 323 
369 325 328 327 335 343 351 359 342 350 358 