361 2 10 18 26 34 239 231 223 215 214 222 230 
361 3 13 21 29 37 156 148 140 132 126 
361 4 1 9 17 25 33 238 280 315 307 299 291 
361 5 8 16 24 32 40 158 150 142 134 
361 6 12 20 28 36 317 309 301 293 283 
361 7 15 23 31 39 74 66 58 50 49 57 65 
364 124 121 129 137 145 153 35 27 19 11 
368 285 288 296 304 312 320 355 73 38 30 22 14 
362 41 44 46 55 63 71 79 70 78 
362 42 43 51 59 67 75 113 105 97 89 
362 45 53 61 69 77 116 108 100 92 81 
362 47 48 56 64 72 80 118 110 102 94 
369 325 333 341 349 357 76 68 60 52 54 62 
363 82 90 98 106 114 159 151 143 135 133 141 149 157 
363 84 86 87 95 103 111 119 104 112 120 
363 88 85 83 93 101 109 117 96 
364 127 128 136 144 152 160 115 107 99 91 
364 122 130 138 146 154 199 191 183 175 166 
364 125 123 131 139 147 155 200 192 184 176 
365 163 162 161 170 178 186 194 171 
365 164 172 180 188 196 237 229 221 213 210 218 226 234 
365 167 168 165 173 181 189 197 179 187 195 
366 205 203 211 219 227 235 193 185 177 169 
366 207 208 216 224 232 240 198 190 182 174 
366 202 201 209 217 225 233 275 267 259 251 
366 204 206 212 220 228 236 277 269 261 253 
367 242 241 244 252 260 268 276 257 265 273 
367 247 246 254 262 270 278 313 305 297 289 
367 248 245 243 250 258 266 274 249 
368 282 290 298 306 314 279 271 263 255 256 264 272 
368 286 284 281 292 300 308 316 294 
368 287 295 303 311 319 354 346 338 330 331 339 347 
369 323 322 321 329 337 345 353 318 310 302 
369 324 326 332 340 348 356 334 342 350 358 
369 327 328 335 343 351 359 336 344 352 360 