361 2 1 9 17 25 33 315 307 299 291 
366 207 215 223 231 239 34 26 18 10 3 19 
361 4 12 20 28 36 317 309 301 293 283 
361 5 13 21 29 37 156 148 140 132 126 
361 7 6 14 22 30 38 73 65 57 49 
362 42 50 58 66 74 39 31 23 15 8 
364 124 121 129 137 145 153 198 240 35 27 11 
362 45 43 51 59 67 75 40 32 24 16 
369 325 333 341 349 357 76 68 60 52 41 
362 44 46 54 62 70 78 360 352 344 336 
362 47 48 56 64 72 80 118 110 102 94 
363 84 92 100 108 116 77 69 61 53 55 63 71 79 
363 81 89 97 105 113 158 150 142 134 
363 82 90 98 106 114 159 151 143 135 133 141 149 157 
363 85 83 93 101 109 117 104 112 120 
363 88 87 86 95 103 111 119 96 
364 127 128 136 144 152 160 115 107 99 91 
364 122 130 138 146 154 199 191 183 175 174 182 190 
364 125 123 131 139 147 155 200 192 184 176 
365 162 161 169 177 185 193 235 227 219 211 
365 164 172 180 188 196 237 229 221 216 224 232 
365 165 163 170 178 186 194 179 187 195 
365 166 167 168 173 181 189 197 171 
366 205 208 213 203 210 218 226 234 
366 202 201 209 217 225 233 275 267 259 251 
366 204 212 220 228 236 277 269 261 253 248 
366 206 214 222 230 238 280 272 264 256 
367 241 244 246 252 260 268 276 249 
367 245 243 242 250 258 266 274 257 265 273 
367 247 255 263 271 279 314 306 298 290 292 300 308 316 
368 282 281 289 297 305 313 278 270 262 254 
368 284 286 294 302 310 318 353 345 337 329 
368 285 288 296 304 312 320 355 347 339 331 
368 287 295 303 311 319 354 346 338 330 323 
369 322 321 324 332 340 348 356 342 350 358 
369 328 327 326 335 343 351 359 334 