146 4 6 51 37 24 135 70 79 19 141 74 72 100 
147 124 44 42 118 144 38 20 31 103 114 27 
148 92 63 143 15 41 84 106 138 96 66 53 90 7 134 
145 39 71 26 95 1 13 132 139 3 80 10 112 12 50 
148 43 104 16 18 123 128 22 58 68 25 126 120 54 98 55 
148 86 21 65 33 93 59 29 82 76 116 49 
145 62 17 133 129 73 14 127 121 88 52 40 69 119 110 
145 91 45 87 109 107 11 35 28 5 78 108 46 75 67 
147 130 99 23 122 81 32 97 64 137 77 30 
146 117 8 56 125 83 115 105 101 34 111 61 36 57 85 
147 94 102 48 2 142 113 136 60 47 140 89 9 131 