196 8 175 169 96 26 114 43 102 100 78 184 146 103 179 166 48 
195 91 186 190 135 106 66 138 70 14 38 58 11 
193 12 152 89 165 65 117 5 192 76 181 21 
196 144 112 163 143 164 101 88 151 182 140 31 1 86 147 105 40 20 
196 124 49 63 90 153 189 15 67 56 42 141 32 
195 34 16 139 130 39 47 167 109 19 97 129 59 107 111 
193 148 13 174 131 155 176 80 95 60 2 30 35 
196 44 185 17 37 92 87 119 23 45 170 158 4 120 
193 180 68 82 104 9 177 71 121 50 161 18 52 
193 154 27 113 22 69 115 99 171 33 168 36 187 51 
195 62 93 77 10 98 134 24 64 53 160 162 132 85 127 159 55 
194 137 3 157 145 128 133 178 125 79 149 73 108 122 57 
196 94 41 83 28 84 136 29 6 54 156 61 191 75 126 118 
194 173 123 188 72 74 7 81 150 110 25 142 116 183 46 172 