243 3 10 205 107 13 111 156 53 120 191 167 
243 5 166 37 135 28 230 83 181 116 172 82 195 93 
244 18 54 153 56 141 132 79 227 105 148 59 231 115 165 36 221 
242 30 182 137 174 240 201 123 204 14 7 95 69 
243 32 12 206 112 185 192 103 186 31 42 
243 170 9 190 66 73 24 74 6 222 219 89 38 
244 43 237 99 179 218 229 127 233 40 216 47 68 110 
241 142 203 55 20 235 187 80 197 177 60 224 160 96 44 
244 144 163 119 71 50 88 155 58 159 220 86 228 
241 161 11 124 84 189 150 149 226 8 45 199 41 78 
241 81 217 102 133 214 125 61 210 173 65 67 92 
244 143 72 239 34 122 27 215 2 147 232 134 130 76 98 
241 193 91 33 131 75 194 57 21 48 184 168 104 
241 157 154 51 39 223 180 19 200 1 16 114 
241 158 211 15 4 129 90 94 22 209 117 
243 145 108 118 146 62 136 139 140 138 171 236 152 126 
244 238 26 196 23 17 63 164 178 176 109 70 46 52 
242 162 207 106 64 202 198 77 113 87 49 208 128 97 25 234 169 
242 225 212 121 100 213 101 35 29 151 183 188 85 175 