292 274 65 237 2 96 126 73 113 13 208 174 63 134 244 9 
291 19 84 76 14 116 91 287 197 34 286 159 80 68 42 
290 38 282 272 75 202 165 187 35 193 257 24 
289 39 264 172 60 200 8 69 90 131 169 248 110 
292 40 209 58 18 82 203 227 239 61 
289 180 281 118 176 268 101 153 11 117 285 44 
292 64 23 57 62 170 183 155 50 206 7 94 
290 179 109 111 247 67 49 184 255 262 283 115 43 158 
290 156 242 231 269 254 152 120 186 263 48 258 70 
290 245 221 17 146 54 204 15 171 5 27 235 92 222 85 71 
289 77 72 220 194 256 276 41 112 140 213 147 142 
291 81 167 33 12 30 128 121 201 132 271 124 
289 86 265 160 218 185 251 25 224 266 104 59 136 119 275 
291 98 252 102 195 129 46 26 123 36 29 238 16 219 189 
290 100 3 173 217 284 53 260 233 4 79 31 32 157 89 240 
292 181 211 145 83 168 125 190 253 277 28 273 150 20 105 
291 106 228 139 215 182 122 143 278 230 149 212 
291 246 196 162 241 52 259 225 199 37 192 154 1 141 
290 66 114 177 135 288 148 198 280 144 51 10 56 226 
291 163 47 108 21 45 22 161 164 93 6 214 
291 175 279 270 87 74 137 78 216 243 103 205 
292 191 107 232 249 188 133 236 223 151 250 234 97 207 178 
291 267 166 88 130 138 229 210 95 127 99 55 261 