149 21 36 52 124 100 58 60 94 95 86 89 67 70 
146 23 50 104 10 35 42 128 113 103 4 18 118 51 
149 138 112 14 105 79 117 6 87 88 126 37 
145 40 53 129 28 102 122 7 73 84 27 80 29 57 
147 56 135 46 24 59 65 132 19 142 12 69 
150 123 44 115 13 114 47 66 11 39 93 141 82 
147 91 33 45 108 68 125 15 77 5 3 139 134 121 119 
150 72 144 43 81 55 48 2 30 31 131 137 
149 83 107 64 85 1 76 62 32 136 41 92 
146 90 8 38 16 22 61 110 26 120 9 143 49 
146 133 106 74 97 127 140 109 34 63 25 101 96 
150 54 75 99 71 17 111 130 98 20 78 116 