217 150 64 39 105 23 120 214 78 56 3 2 
219 4 43 143 1 18 130 20 15 60 117 
218 5 131 122 109 148 102 156 189 21 31 84 182 69 
218 73 108 127 121 16 118 76 35 128 85 7 
217 86 190 169 13 161 216 191 178 192 142 193 210 62 159 10 
221 215 170 114 71 116 212 34 185 196 61 103 
221 51 48 145 134 183 175 89 136 173 138 164 9 81 132 
220 174 151 158 126 133 139 146 83 157 184 198 94 63 28 
218 207 197 187 188 113 179 65 19 125 203 166 90 27 54 
217 167 30 140 119 68 104 163 199 115 80 52 45 106 55 
217 67 59 110 180 172 123 29 101 153 36 47 79 58 42 24 
222 204 206 154 87 111 53 176 46 211 33 92 25 72 
220 144 37 98 38 100 40 70 99 66 112 213 129 91 
221 200 74 57 208 49 160 93 195 107 
221 201 181 75 155 97 165 96 50 8 17 44 22 
219 205 41 162 124 6 88 194 95 77 32 141 14 147 
219 149 177 135 152 202 11 171 26 12 137 209 82 186 168 