290 10 157 17 251 22 166 192 261 143 190 165 188 4 223 
293 6 16 71 68 56 101 150 250 81 255 74 
294 9 266 48 279 281 189 238 278 209 116 19 
292 97 25 114 213 284 124 269 168 225 140 287 176 
293 27 38 44 88 169 121 237 148 111 132 102 
291 29 145 42 151 34 134 20 28 49 205 232 131 253 
291 43 141 275 69 87 94 161 268 51 57 
289 62 54 14 206 235 229 135 113 195 33 82 210 58 
289 246 80 50 64 95 24 30 197 187 67 272 217 53 256 107 
289 47 83 52 164 146 288 13 23 26 55 104 234 
294 112 265 75 77 184 65 103 123 175 138 280 70 
293 72 155 242 7 59 200 174 282 89 105 
293 79 158 152 128 203 110 243 90 230 78 41 63 99 
294 84 260 93 207 177 193 173 144 171 60 182 
290 233 274 277 129 32 92 201 18 117 149 37 85 
292 257 163 247 8 228 216 31 270 231 125 167 
291 106 139 199 170 212 178 211 91 191 241 15 39 11 204 220 224 
290 160 118 263 122 98 244 276 108 100 179 40 
292 219 264 226 153 259 119 180 249 35 86 126 
292 127 159 283 271 133 12 73 172 137 45 5 252 
291 262 142 147 240 36 154 236 96 130 254 239 162 
292 267 66 221 61 202 76 109 115 185 46 181 
292 218 214 186 227 273 136 3 198 194 120 183 
293 258 2 248 1 21 208 286 222 215 156 285 196 245 